NotCar -1 -1 -10 544 8 600 56 -1 -1 -1 -1000 -1000 -1000 -10
NotCar -1 -1 -10 1120 24 1176 72 -1 -1 -1 -1000 -1000 -1000 -10
NotCar -1 -1 -10 920 48 976 96 -1 -1 -1 -1000 -1000 -1000 -10
NotCar -1 -1 -10 920 56 976 104 -1 -1 -1 -1000 -1000 -1000 -10
NotCar -1 -1 -10 928 56 984 104 -1 -1 -1 -1000 -1000 -1000 -10
NotCar -1 -1 -10 56 72 112 120 -1 -1 -1 -1000 -1000 -1000 -10
NotCar -1 -1 -10 1144 72 1200 120 -1 -1 -1 -1000 -1000 -1000 -10
NotCar -1 -1 -10 768 80 824 128 -1 -1 -1 -1000 -1000 -1000 -10
NotCar -1 -1 -10 776 80 832 128 -1 -1 -1 -1000 -1000 -1000 -10
NotCar -1 -1 -10 480 96 536 144 -1 -1 -1 -1000 -1000 -1000 -10
NotCar -1 -1 -10 1096 104 1152 152 -1 -1 -1 -1000 -1000 -1000 -10
NotCar -1 -1 -10 1160 104 1216 152 -1 -1 -1 -1000 -1000 -1000 -10
NotCar -1 -1 -10 392 112 448 160 -1 -1 -1 -1000 -1000 -1000 -10
NotCar -1 -1 -10 72 120 128 168 -1 -1 -1 -1000 -1000 -1000 -10
NotCar -1 -1 -10 1168 128 1224 176 -1 -1 -1 -1000 -1000 -1000 -10
NotCar -1 -1 -10 16 136 72 184 -1 -1 -1 -1000 -1000 -1000 -10
NotCar -1 -1 -10 176 136 232 184 -1 -1 -1 -1000 -1000 -1000 -10
NotCar -1 -1 -10 320 136 376 184 -1 -1 -1 -1000 -1000 -1000 -10
NotCar -1 -1 -10 464 144 520 192 -1 -1 -1 -1000 -1000 -1000 -10
NotCar -1 -1 -10 784 144 840 192 -1 -1 -1 -1000 -1000 -1000 -10
NotCar -1 -1 -10 792 144 848 192 -1 -1 -1 -1000 -1000 -1000 -10
NotCar -1 -1 -10 928 144 984 192 -1 -1 -1 -1000 -1000 -1000 -10
NotCar -1 -1 -10 56 152 112 200 -1 -1 -1 -1000 -1000 -1000 -10
NotCar -1 -1 -10 64 152 120 200 -1 -1 -1 -1000 -1000 -1000 -10
NotCar -1 -1 -10 72 152 128 200 -1 -1 -1 -1000 -1000 -1000 -10
NotCar -1 -1 -10 80 152 136 200 -1 -1 -1 -1000 -1000 -1000 -10
NotCar -1 -1 -10 688 152 744 200 -1 -1 -1 -1000 -1000 -1000 -10
NotCar -1 -1 -10 696 152 752 200 -1 -1 -1 -1000 -1000 -1000 -10
NotCar -1 -1 -10 784 152 840 200 -1 -1 -1 -1000 -1000 -1000 -10
NotCar -1 -1 -10 792 152 848 200 -1 -1 -1 -1000 -1000 -1000 -10
NotCar -1 -1 -10 848 152 904 200 -1 -1 -1 -1000 -1000 -1000 -10
NotCar -1 -1 -10 856 152 912 200 -1 -1 -1 -1000 -1000 -1000 -10
NotCar -1 -1 -10 928 152 984 200 -1 -1 -1 -1000 -1000 -1000 -10
NotCar -1 -1 -10 936 152 992 200 -1 -1 -1 -1000 -1000 -1000 -10
NotCar -1 -1 -10 240 160 296 208 -1 -1 -1 -1000 -1000 -1000 -10
NotCar -1 -1 -10 272 160 328 208 -1 -1 -1 -1000 -1000 -1000 -10
NotCar -1 -1 -10 344 160 400 208 -1 -1 -1 -1000 -1000 -1000 -10
NotCar -1 -1 -10 688 160 744 208 -1 -1 -1 -1000 -1000 -1000 -10
NotCar -1 -1 -10 696 160 752 208 -1 -1 -1 -1000 -1000 -1000 -10
NotCar -1 -1 -10 728 160 784 208 -1 -1 -1 -1000 -1000 -1000 -10
NotCar -1 -1 -10 736 160 792 208 -1 -1 -1 -1000 -1000 -1000 -10
NotCar -1 -1 -10 744 160 800 208 -1 -1 -1 -1000 -1000 -1000 -10
NotCar -1 -1 -10 784 160 840 208 -1 -1 -1 -1000 -1000 -1000 -10
NotCar -1 -1 -10 848 160 904 208 -1 -1 -1 -1000 -1000 -1000 -10
NotCar -1 -1 -10 888 160 944 208 -1 -1 -1 -1000 -1000 -1000 -10
NotCar -1 -1 -10 608 168 664 216 -1 -1 -1 -1000 -1000 -1000 -10
NotCar -1 -1 -10 616 168 672 216 -1 -1 -1 -1000 -1000 -1000 -10
NotCar -1 -1 -10 624 168 680 216 -1 -1 -1 -1000 -1000 -1000 -10
NotCar -1 -1 -10 696 168 752 216 -1 -1 -1 -1000 -1000 -1000 -10
NotCar -1 -1 -10 728 168 784 216 -1 -1 -1 -1000 -1000 -1000 -10
NotCar -1 -1 -10 848 168 904 216 -1 -1 -1 -1000 -1000 -1000 -10
NotCar -1 -1 -10 880 168 936 216 -1 -1 -1 -1000 -1000 -1000 -10
NotCar -1 -1 -10 888 168 944 216 -1 -1 -1 -1000 -1000 -1000 -10
NotCar -1 -1 -10 896 168 952 216 -1 -1 -1 -1000 -1000 -1000 -10
NotCar -1 -1 -10 552 176 608 224 -1 -1 -1 -1000 -1000 -1000 -10
NotCar -1 -1 -10 592 176 648 224 -1 -1 -1 -1000 -1000 -1000 -10
NotCar -1 -1 -10 600 176 656 224 -1 -1 -1 -1000 -1000 -1000 -10
NotCar -1 -1 -10 840 176 896 224 -1 -1 -1 -1000 -1000 -1000 -10
NotCar -1 -1 -10 880 176 936 224 -1 -1 -1 -1000 -1000 -1000 -10
NotCar -1 -1 -10 888 176 944 224 -1 -1 -1 -1000 -1000 -1000 -10
NotCar -1 -1 -10 896 176 952 224 -1 -1 -1 -1000 -1000 -1000 -10
NotCar -1 -1 -10 552 184 608 232 -1 -1 -1 -1000 -1000 -1000 -10
NotCar -1 -1 -10 592 184 648 232 -1 -1 -1 -1000 -1000 -1000 -10
NotCar -1 -1 -10 600 184 656 232 -1 -1 -1 -1000 -1000 -1000 -10
NotCar -1 -1 -10 592 192 648 240 -1 -1 -1 -1000 -1000 -1000 -10
NotCar -1 -1 -10 600 192 656 240 -1 -1 -1 -1000 -1000 -1000 -10
NotCar -1 -1 -10 640 192 696 240 -1 -1 -1 -1000 -1000 -1000 -10
NotCar -1 -1 -10 648 192 704 240 -1 -1 -1 -1000 -1000 -1000 -10
NotCar -1 -1 -10 656 192 712 240 -1 -1 -1 -1000 -1000 -1000 -10
NotCar -1 -1 -10 1080 192 1136 240 -1 -1 -1 -1000 -1000 -1000 -10
NotCar -1 -1 -10 1104 192 1160 240 -1 -1 -1 -1000 -1000 -1000 -10
NotCar -1 -1 -10 72 200 128 248 -1 -1 -1 -1000 -1000 -1000 -10
NotCar -1 -1 -10 640 200 696 248 -1 -1 -1 -1000 -1000 -1000 -10
NotCar -1 -1 -10 1032 208 1088 256 -1 -1 -1 -1000 -1000 -1000 -10
NotCar -1 -1 -10 1032 216 1088 264 -1 -1 -1 -1000 -1000 -1000 -10
NotCar -1 -1 -10 368 224 424 272 -1 -1 -1 -1000 -1000 -1000 -10
NotCar -1 -1 -10 272 232 328 280 -1 -1 -1 -1000 -1000 -1000 -10
NotCar -1 -1 -10 280 232 336 280 -1 -1 -1 -1000 -1000 -1000 -10
NotCar -1 -1 -10 304 232 360 280 -1 -1 -1 -1000 -1000 -1000 -10
NotCar -1 -1 -10 1168 232 1224 280 -1 -1 -1 -1000 -1000 -1000 -10
NotCar -1 -1 -10 0 240 56 288 -1 -1 -1 -1000 -1000 -1000 -10
NotCar -1 -1 -10 304 240 360 288 -1 -1 -1 -1000 -1000 -1000 -10
NotCar -1 -1 -10 0 248 56 296 -1 -1 -1 -1000 -1000 -1000 -10
NotCar -1 -1 -10 368 248 424 296 -1 -1 -1 -1000 -1000 -1000 -10
NotCar -1 -1 -10 392 248 448 296 -1 -1 -1 -1000 -1000 -1000 -10
NotCar -1 -1 -10 432 256 488 304 -1 -1 -1 -1000 -1000 -1000 -10
NotCar -1 -1 -10 440 256 496 304 -1 -1 -1 -1000 -1000 -1000 -10
NotCar -1 -1 -10 432 272 488 320 -1 -1 -1 -1000 -1000 -1000 -10
NotCar -1 -1 -10 440 272 496 320 -1 -1 -1 -1000 -1000 -1000 -10
NotCar -1 -1 -10 144 280 200 328 -1 -1 -1 -1000 -1000 -1000 -10
NotCar -1 -1 -10 440 280 496 328 -1 -1 -1 -1000 -1000 -1000 -10
NotCar -1 -1 -10 32 296 88 344 -1 -1 -1 -1000 -1000 -1000 -10
NotCar -1 -1 -10 40 296 96 344 -1 -1 -1 -1000 -1000 -1000 -10
NotCar -1 -1 -10 912 296 968 344 -1 -1 -1 -1000 -1000 -1000 -10
NotCar -1 -1 -10 547 0 610 54 -1 -1 -1 -1000 -1000 -1000 -10
NotCar -1 -1 -10 45 54 108 108 -1 -1 -1 -1000 -1000 -1000 -10
NotCar -1 -1 -10 923 54 986 108 -1 -1 -1 -1000 -1000 -1000 -10
NotCar -1 -1 -10 771 72 834 126 -1 -1 -1 -1000 -1000 -1000 -10
NotCar -1 -1 -10 771 81 834 135 -1 -1 -1 -1000 -1000 -1000 -10
NotCar -1 -1 -10 780 81 843 135 -1 -1 -1 -1000 -1000 -1000 -10
NotCar -1 -1 -10 788 81 851 135 -1 -1 -1 -1000 -1000 -1000 -10
NotCar -1 -1 -10 484 90 547 144 -1 -1 -1 -1000 -1000 -1000 -10
NotCar -1 -1 -10 896 90 959 144 -1 -1 -1 -1000 -1000 -1000 -10
NotCar -1 -1 -10 116 134 179 188 -1 -1 -1 -1000 -1000 -1000 -10
NotCar -1 -1 -10 457 143 520 197 -1 -1 -1 -1000 -1000 -1000 -10
NotCar -1 -1 -10 466 143 529 197 -1 -1 -1 -1000 -1000 -1000 -10
NotCar -1 -1 -10 681 143 744 197 -1 -1 -1 -1000 -1000 -1000 -10
NotCar -1 -1 -10 735 143 798 197 -1 -1 -1 -1000 -1000 -1000 -10
NotCar -1 -1 -10 744 143 807 197 -1 -1 -1 -1000 -1000 -1000 -10
NotCar -1 -1 -10 780 143 843 197 -1 -1 -1 -1000 -1000 -1000 -10
NotCar -1 -1 -10 788 143 851 197 -1 -1 -1 -1000 -1000 -1000 -10
NotCar -1 -1 -10 63 152 126 206 -1 -1 -1 -1000 -1000 -1000 -10
NotCar -1 -1 -10 340 152 403 206 -1 -1 -1 -1000 -1000 -1000 -10
NotCar -1 -1 -10 349 152 412 206 -1 -1 -1 -1000 -1000 -1000 -10
NotCar -1 -1 -10 690 152 753 206 -1 -1 -1 -1000 -1000 -1000 -10
NotCar -1 -1 -10 699 152 762 206 -1 -1 -1 -1000 -1000 -1000 -10
NotCar -1 -1 -10 726 152 789 206 -1 -1 -1 -1000 -1000 -1000 -10
NotCar -1 -1 -10 735 152 798 206 -1 -1 -1 -1000 -1000 -1000 -10
NotCar -1 -1 -10 780 152 843 206 -1 -1 -1 -1000 -1000 -1000 -10
NotCar -1 -1 -10 788 152 851 206 -1 -1 -1 -1000 -1000 -1000 -10
NotCar -1 -1 -10 618 161 681 215 -1 -1 -1 -1000 -1000 -1000 -10
NotCar -1 -1 -10 627 161 690 215 -1 -1 -1 -1000 -1000 -1000 -10
NotCar -1 -1 -10 690 161 753 215 -1 -1 -1 -1000 -1000 -1000 -10
NotCar -1 -1 -10 726 161 789 215 -1 -1 -1 -1000 -1000 -1000 -10
NotCar -1 -1 -10 735 161 798 215 -1 -1 -1 -1000 -1000 -1000 -10
NotCar -1 -1 -10 842 161 905 215 -1 -1 -1 -1000 -1000 -1000 -10
NotCar -1 -1 -10 878 161 941 215 -1 -1 -1 -1000 -1000 -1000 -10
NotCar -1 -1 -10 887 161 950 215 -1 -1 -1 -1000 -1000 -1000 -10
NotCar -1 -1 -10 448 170 511 224 -1 -1 -1 -1000 -1000 -1000 -10
NotCar -1 -1 -10 457 170 520 224 -1 -1 -1 -1000 -1000 -1000 -10
NotCar -1 -1 -10 600 170 663 224 -1 -1 -1 -1000 -1000 -1000 -10
NotCar -1 -1 -10 878 170 941 224 -1 -1 -1 -1000 -1000 -1000 -10
NotCar -1 -1 -10 538 179 601 233 -1 -1 -1 -1000 -1000 -1000 -10
NotCar -1 -1 -10 600 179 663 233 -1 -1 -1 -1000 -1000 -1000 -10
NotCar -1 -1 -10 600 188 663 242 -1 -1 -1 -1000 -1000 -1000 -10
NotCar -1 -1 -10 878 188 941 242 -1 -1 -1 -1000 -1000 -1000 -10
NotCar -1 -1 -10 896 197 959 251 -1 -1 -1 -1000 -1000 -1000 -10
NotCar -1 -1 -10 1030 206 1093 260 -1 -1 -1 -1000 -1000 -1000 -10
NotCar -1 -1 -10 529 215 592 269 -1 -1 -1 -1000 -1000 -1000 -10
NotCar -1 -1 -10 296 224 359 278 -1 -1 -1 -1000 -1000 -1000 -10
NotCar -1 -1 -10 305 224 368 278 -1 -1 -1 -1000 -1000 -1000 -10
NotCar -1 -1 -10 305 233 368 287 -1 -1 -1 -1000 -1000 -1000 -10
NotCar -1 -1 -10 0 242 63 296 -1 -1 -1 -1000 -1000 -1000 -10
NotCar -1 -1 -10 9 242 72 296 -1 -1 -1 -1000 -1000 -1000 -10
NotCar -1 -1 -10 18 242 81 296 -1 -1 -1 -1000 -1000 -1000 -10
NotCar -1 -1 -10 27 242 90 296 -1 -1 -1 -1000 -1000 -1000 -10
NotCar -1 -1 -10 0 251 63 305 -1 -1 -1 -1000 -1000 -1000 -10
NotCar -1 -1 -10 27 251 90 305 -1 -1 -1 -1000 -1000 -1000 -10
NotCar -1 -1 -10 430 251 493 305 -1 -1 -1 -1000 -1000 -1000 -10
NotCar -1 -1 -10 439 251 502 305 -1 -1 -1 -1000 -1000 -1000 -10
NotCar -1 -1 -10 430 269 493 323 -1 -1 -1 -1000 -1000 -1000 -10
NotCar -1 -1 -10 439 269 502 323 -1 -1 -1 -1000 -1000 -1000 -10
NotCar -1 -1 -10 1138 269 1201 323 -1 -1 -1 -1000 -1000 -1000 -10
NotCar -1 -1 -10 18 287 81 341 -1 -1 -1 -1000 -1000 -1000 -10
NotCar -1 -1 -10 27 287 90 341 -1 -1 -1 -1000 -1000 -1000 -10
NotCar -1 -1 -10 36 287 99 341 -1 -1 -1 -1000 -1000 -1000 -10
NotCar -1 -1 -10 439 287 502 341 -1 -1 -1 -1000 -1000 -1000 -10
NotCar -1 -1 -10 27 296 90 350 -1 -1 -1 -1000 -1000 -1000 -10
NotCar -1 -1 -10 36 296 99 350 -1 -1 -1 -1000 -1000 -1000 -10
NotCar -1 -1 -10 542 0 612 60 -1 -1 -1 -1000 -1000 -1000 -10
NotCar -1 -1 -10 993 40 1063 100 -1 -1 -1 -1000 -1000 -1000 -10
NotCar -1 -1 -10 1004 40 1074 100 -1 -1 -1 -1000 -1000 -1000 -10
NotCar -1 -1 -10 913 50 983 110 -1 -1 -1 -1000 -1000 -1000 -10
NotCar -1 -1 -10 421 70 491 130 -1 -1 -1 -1000 -1000 -1000 -10
NotCar -1 -1 -10 432 70 502 130 -1 -1 -1 -1000 -1000 -1000 -10
NotCar -1 -1 -10 773 70 843 130 -1 -1 -1 -1000 -1000 -1000 -10
NotCar -1 -1 -10 763 80 833 140 -1 -1 -1 -1000 -1000 -1000 -10
NotCar -1 -1 -10 773 80 843 140 -1 -1 -1 -1000 -1000 -1000 -10
NotCar -1 -1 -10 391 110 461 170 -1 -1 -1 -1000 -1000 -1000 -10
NotCar -1 -1 -10 100 130 170 190 -1 -1 -1 -1000 -1000 -1000 -10
NotCar -1 -1 -10 110 130 180 190 -1 -1 -1 -1000 -1000 -1000 -10
NotCar -1 -1 -10 452 140 522 200 -1 -1 -1 -1000 -1000 -1000 -10
NotCar -1 -1 -10 462 140 532 200 -1 -1 -1 -1000 -1000 -1000 -10
NotCar -1 -1 -10 733 140 803 200 -1 -1 -1 -1000 -1000 -1000 -10
NotCar -1 -1 -10 271 151 341 211 -1 -1 -1 -1000 -1000 -1000 -10
NotCar -1 -1 -10 692 151 762 211 -1 -1 -1 -1000 -1000 -1000 -10
NotCar -1 -1 -10 723 151 793 211 -1 -1 -1 -1000 -1000 -1000 -10
NotCar -1 -1 -10 733 151 803 211 -1 -1 -1 -1000 -1000 -1000 -10
NotCar -1 -1 -10 612 161 682 221 -1 -1 -1 -1000 -1000 -1000 -10
NotCar -1 -1 -10 622 161 692 221 -1 -1 -1 -1000 -1000 -1000 -10
NotCar -1 -1 -10 733 161 803 221 -1 -1 -1 -1000 -1000 -1000 -10
NotCar -1 -1 -10 843 161 913 221 -1 -1 -1 -1000 -1000 -1000 -10
NotCar -1 -1 -10 873 161 943 221 -1 -1 -1 -1000 -1000 -1000 -10
NotCar -1 -1 -10 883 161 953 221 -1 -1 -1 -1000 -1000 -1000 -10
NotCar -1 -1 -10 893 161 963 221 -1 -1 -1 -1000 -1000 -1000 -10
NotCar -1 -1 -10 542 171 612 231 -1 -1 -1 -1000 -1000 -1000 -10
NotCar -1 -1 -10 602 171 672 231 -1 -1 -1 -1000 -1000 -1000 -10
NotCar -1 -1 -10 612 171 682 231 -1 -1 -1 -1000 -1000 -1000 -10
NotCar -1 -1 -10 873 171 943 231 -1 -1 -1 -1000 -1000 -1000 -10
NotCar -1 -1 -10 883 171 953 231 -1 -1 -1 -1000 -1000 -1000 -10
NotCar -1 -1 -10 893 171 963 231 -1 -1 -1 -1000 -1000 -1000 -10
NotCar -1 -1 -10 632 191 702 251 -1 -1 -1 -1000 -1000 -1000 -10
NotCar -1 -1 -10 893 191 963 251 -1 -1 -1 -1000 -1000 -1000 -10
NotCar -1 -1 -10 271 221 341 281 -1 -1 -1 -1000 -1000 -1000 -10
NotCar -1 -1 -10 301 231 371 291 -1 -1 -1 -1000 -1000 -1000 -10
NotCar -1 -1 -10 432 241 502 301 -1 -1 -1 -1000 -1000 -1000 -10
NotCar -1 -1 -10 442 241 512 301 -1 -1 -1 -1000 -1000 -1000 -10
NotCar -1 -1 -10 411 251 481 311 -1 -1 -1 -1000 -1000 -1000 -10
NotCar -1 -1 -10 421 251 491 311 -1 -1 -1 -1000 -1000 -1000 -10
NotCar -1 -1 -10 432 251 502 311 -1 -1 -1 -1000 -1000 -1000 -10
NotCar -1 -1 -10 442 251 512 311 -1 -1 -1 -1000 -1000 -1000 -10
NotCar -1 -1 -10 421 261 491 321 -1 -1 -1 -1000 -1000 -1000 -10
NotCar -1 -1 -10 432 261 502 321 -1 -1 -1 -1000 -1000 -1000 -10
NotCar -1 -1 -10 442 261 512 321 -1 -1 -1 -1000 -1000 -1000 -10
NotCar -1 -1 -10 1134 261 1204 321 -1 -1 -1 -1000 -1000 -1000 -10
NotCar -1 -1 -10 432 271 502 331 -1 -1 -1 -1000 -1000 -1000 -10
NotCar -1 -1 -10 421 281 491 341 -1 -1 -1 -1000 -1000 -1000 -10
NotCar -1 -1 -10 432 281 502 341 -1 -1 -1 -1000 -1000 -1000 -10
NotCar -1 -1 -10 442 281 512 341 -1 -1 -1 -1000 -1000 -1000 -10
NotCar -1 -1 -10 1024 291 1094 351 -1 -1 -1 -1000 -1000 -1000 -10
NotCar -1 -1 -10 989 34 1068 101 -1 -1 -1 -1000 -1000 -1000 -10
NotCar -1 -1 -10 910 45 989 112 -1 -1 -1 -1000 -1000 -1000 -10
NotCar -1 -1 -10 910 56 989 123 -1 -1 -1 -1000 -1000 -1000 -10
NotCar -1 -1 -10 427 67 506 134 -1 -1 -1 -1000 -1000 -1000 -10
NotCar -1 -1 -10 753 67 832 134 -1 -1 -1 -1000 -1000 -1000 -10
NotCar -1 -1 -10 764 67 843 134 -1 -1 -1 -1000 -1000 -1000 -10
NotCar -1 -1 -10 776 67 855 134 -1 -1 -1 -1000 -1000 -1000 -10
NotCar -1 -1 -10 910 90 989 157 -1 -1 -1 -1000 -1000 -1000 -10
NotCar -1 -1 -10 955 101 1034 168 -1 -1 -1 -1000 -1000 -1000 -10
NotCar -1 -1 -10 731 135 810 202 -1 -1 -1 -1000 -1000 -1000 -10
NotCar -1 -1 -10 877 135 956 202 -1 -1 -1 -1000 -1000 -1000 -10
NotCar -1 -1 -10 674 146 753 213 -1 -1 -1 -1000 -1000 -1000 -10
NotCar -1 -1 -10 686 146 765 213 -1 -1 -1 -1000 -1000 -1000 -10
NotCar -1 -1 -10 719 146 798 213 -1 -1 -1 -1000 -1000 -1000 -10
NotCar -1 -1 -10 731 146 810 213 -1 -1 -1 -1000 -1000 -1000 -10
NotCar -1 -1 -10 596 157 675 224 -1 -1 -1 -1000 -1000 -1000 -10
NotCar -1 -1 -10 607 157 686 224 -1 -1 -1 -1000 -1000 -1000 -10
NotCar -1 -1 -10 618 157 697 224 -1 -1 -1 -1000 -1000 -1000 -10
NotCar -1 -1 -10 731 157 810 224 -1 -1 -1 -1000 -1000 -1000 -10
NotCar -1 -1 -10 877 157 956 224 -1 -1 -1 -1000 -1000 -1000 -10
NotCar -1 -1 -10 888 157 967 224 -1 -1 -1 -1000 -1000 -1000 -10
NotCar -1 -1 -10 596 169 675 236 -1 -1 -1 -1000 -1000 -1000 -10
NotCar -1 -1 -10 607 169 686 236 -1 -1 -1 -1000 -1000 -1000 -10
NotCar -1 -1 -10 618 169 697 236 -1 -1 -1 -1000 -1000 -1000 -10
NotCar -1 -1 -10 877 169 956 236 -1 -1 -1 -1000 -1000 -1000 -10
NotCar -1 -1 -10 888 169 967 236 -1 -1 -1 -1000 -1000 -1000 -10
NotCar -1 -1 -10 877 180 956 247 -1 -1 -1 -1000 -1000 -1000 -10
NotCar -1 -1 -10 888 180 967 247 -1 -1 -1 -1000 -1000 -1000 -10
NotCar -1 -1 -10 629 202 708 269 -1 -1 -1 -1000 -1000 -1000 -10
NotCar -1 -1 -10 11 214 90 281 -1 -1 -1 -1000 -1000 -1000 -10
NotCar -1 -1 -10 303 225 382 292 -1 -1 -1 -1000 -1000 -1000 -10
NotCar -1 -1 -10 427 236 506 303 -1 -1 -1 -1000 -1000 -1000 -10
NotCar -1 -1 -10 416 247 495 314 -1 -1 -1 -1000 -1000 -1000 -10
NotCar -1 -1 -10 427 247 506 314 -1 -1 -1 -1000 -1000 -1000 -10
NotCar -1 -1 -10 438 247 517 314 -1 -1 -1 -1000 -1000 -1000 -10
NotCar -1 -1 -10 427 259 506 326 -1 -1 -1 -1000 -1000 -1000 -10
NotCar -1 -1 -10 1068 259 1147 326 -1 -1 -1 -1000 -1000 -1000 -10
NotCar -1 -1 -10 427 270 506 337 -1 -1 -1 -1000 -1000 -1000 -10
NotCar -1 -1 -10 1012 281 1091 348 -1 -1 -1 -1000 -1000 -1000 -10
NotCar -1 -1 -10 1023 292 1102 359 -1 -1 -1 -1000 -1000 -1000 -10
NotCar -1 -1 -10 415 63 503 139 -1 -1 -1 -1000 -1000 -1000 -10
NotCar -1 -1 -10 428 63 516 139 -1 -1 -1 -1000 -1000 -1000 -10
NotCar -1 -1 -10 906 88 994 164 -1 -1 -1 -1000 -1000 -1000 -10
NotCar -1 -1 -10 302 113 390 189 -1 -1 -1 -1000 -1000 -1000 -10
NotCar -1 -1 -10 201 138 289 214 -1 -1 -1 -1000 -1000 -1000 -10
NotCar -1 -1 -10 718 138 806 214 -1 -1 -1 -1000 -1000 -1000 -10
NotCar -1 -1 -10 730 138 818 214 -1 -1 -1 -1000 -1000 -1000 -10
NotCar -1 -1 -10 252 151 340 227 -1 -1 -1 -1000 -1000 -1000 -10
NotCar -1 -1 -10 592 151 680 227 -1 -1 -1 -1000 -1000 -1000 -10
NotCar -1 -1 -10 604 151 692 227 -1 -1 -1 -1000 -1000 -1000 -10
NotCar -1 -1 -10 617 151 705 227 -1 -1 -1 -1000 -1000 -1000 -10
NotCar -1 -1 -10 869 151 957 227 -1 -1 -1 -1000 -1000 -1000 -10
NotCar -1 -1 -10 881 151 969 227 -1 -1 -1 -1000 -1000 -1000 -10
NotCar -1 -1 -10 604 164 692 240 -1 -1 -1 -1000 -1000 -1000 -10
NotCar -1 -1 -10 617 164 705 240 -1 -1 -1 -1000 -1000 -1000 -10
NotCar -1 -1 -10 869 164 957 240 -1 -1 -1 -1000 -1000 -1000 -10
NotCar -1 -1 -10 881 164 969 240 -1 -1 -1 -1000 -1000 -1000 -10
NotCar -1 -1 -10 617 176 705 252 -1 -1 -1 -1000 -1000 -1000 -10
NotCar -1 -1 -10 264 214 352 290 -1 -1 -1 -1000 -1000 -1000 -10
NotCar -1 -1 -10 290 214 378 290 -1 -1 -1 -1000 -1000 -1000 -10
NotCar -1 -1 -10 1020 214 1108 290 -1 -1 -1 -1000 -1000 -1000 -10
NotCar -1 -1 -10 1032 214 1120 290 -1 -1 -1 -1000 -1000 -1000 -10
NotCar -1 -1 -10 1045 214 1133 290 -1 -1 -1 -1000 -1000 -1000 -10
NotCar -1 -1 -10 0 227 88 303 -1 -1 -1 -1000 -1000 -1000 -10
NotCar -1 -1 -10 13 227 101 303 -1 -1 -1 -1000 -1000 -1000 -10
NotCar -1 -1 -10 415 239 503 315 -1 -1 -1 -1000 -1000 -1000 -10
NotCar -1 -1 -10 428 239 516 315 -1 -1 -1 -1000 -1000 -1000 -10
NotCar -1 -1 -10 428 252 516 328 -1 -1 -1 -1000 -1000 -1000 -10
NotCar -1 -1 -10 415 264 503 340 -1 -1 -1 -1000 -1000 -1000 -10
NotCar -1 -1 -10 428 264 516 340 -1 -1 -1 -1000 -1000 -1000 -10
NotCar -1 -1 -10 775 56 874 141 -1 -1 -1 -1000 -1000 -1000 -10
NotCar -1 -1 -10 211 99 310 184 -1 -1 -1 -1000 -1000 -1000 -10
NotCar -1 -1 -10 719 127 818 212 -1 -1 -1 -1000 -1000 -1000 -10
NotCar -1 -1 -10 606 141 705 226 -1 -1 -1 -1000 -1000 -1000 -10
NotCar -1 -1 -10 719 141 818 226 -1 -1 -1 -1000 -1000 -1000 -10
NotCar -1 -1 -10 874 141 973 226 -1 -1 -1 -1000 -1000 -1000 -10
NotCar -1 -1 -10 592 155 691 240 -1 -1 -1 -1000 -1000 -1000 -10
NotCar -1 -1 -10 606 155 705 240 -1 -1 -1 -1000 -1000 -1000 -10
NotCar -1 -1 -10 620 155 719 240 -1 -1 -1 -1000 -1000 -1000 -10
NotCar -1 -1 -10 874 155 973 240 -1 -1 -1 -1000 -1000 -1000 -10
NotCar -1 -1 -10 606 169 705 254 -1 -1 -1 -1000 -1000 -1000 -10
NotCar -1 -1 -10 620 169 719 254 -1 -1 -1 -1000 -1000 -1000 -10
NotCar -1 -1 -10 874 169 973 254 -1 -1 -1 -1000 -1000 -1000 -10
NotCar -1 -1 -10 0 211 99 296 -1 -1 -1 -1000 -1000 -1000 -10
NotCar -1 -1 -10 1015 211 1114 296 -1 -1 -1 -1000 -1000 -1000 -10
NotCar -1 -1 -10 1029 211 1128 296 -1 -1 -1 -1000 -1000 -1000 -10
NotCar -1 -1 -10 1043 211 1142 296 -1 -1 -1 -1000 -1000 -1000 -10
NotCar -1 -1 -10 0 226 99 311 -1 -1 -1 -1000 -1000 -1000 -10
NotCar -1 -1 -10 409 226 508 311 -1 -1 -1 -1000 -1000 -1000 -10
NotCar -1 -1 -10 423 226 522 311 -1 -1 -1 -1000 -1000 -1000 -10
NotCar -1 -1 -10 409 240 508 325 -1 -1 -1 -1000 -1000 -1000 -10
NotCar -1 -1 -10 423 240 522 325 -1 -1 -1 -1000 -1000 -1000 -10
NotCar -1 -1 -10 409 254 508 339 -1 -1 -1 -1000 -1000 -1000 -10
NotCar -1 -1 -10 1001 282 1100 367 -1 -1 -1 -1000 -1000 -1000 -10
NotCar -1 -1 -10 205 95 316 190 -1 -1 -1 -1000 -1000 -1000 -10
NotCar -1 -1 -10 300 111 411 206 -1 -1 -1 -1000 -1000 -1000 -10
NotCar -1 -1 -10 647 126 758 221 -1 -1 -1 -1000 -1000 -1000 -10
NotCar -1 -1 -10 711 126 822 221 -1 -1 -1 -1000 -1000 -1000 -10
NotCar -1 -1 -10 868 126 979 221 -1 -1 -1 -1000 -1000 -1000 -10
NotCar -1 -1 -10 205 142 316 237 -1 -1 -1 -1000 -1000 -1000 -10
NotCar -1 -1 -10 600 142 711 237 -1 -1 -1 -1000 -1000 -1000 -10
NotCar -1 -1 -10 853 142 964 237 -1 -1 -1 -1000 -1000 -1000 -10
NotCar -1 -1 -10 868 142 979 237 -1 -1 -1 -1000 -1000 -1000 -10
NotCar -1 -1 -10 458 158 569 253 -1 -1 -1 -1000 -1000 -1000 -10
NotCar -1 -1 -10 600 158 711 253 -1 -1 -1 -1000 -1000 -1000 -10
NotCar -1 -1 -10 616 158 727 253 -1 -1 -1 -1000 -1000 -1000 -10
NotCar -1 -1 -10 853 158 964 253 -1 -1 -1 -1000 -1000 -1000 -10
NotCar -1 -1 -10 868 158 979 253 -1 -1 -1 -1000 -1000 -1000 -10
NotCar -1 -1 -10 1026 189 1137 284 -1 -1 -1 -1000 -1000 -1000 -10
NotCar -1 -1 -10 0 205 111 300 -1 -1 -1 -1000 -1000 -1000 -10
NotCar -1 -1 -10 1011 205 1122 300 -1 -1 -1 -1000 -1000 -1000 -10
NotCar -1 -1 -10 1026 205 1137 300 -1 -1 -1 -1000 -1000 -1000 -10
NotCar -1 -1 -10 1042 205 1153 300 -1 -1 -1 -1000 -1000 -1000 -10
NotCar -1 -1 -10 0 221 111 316 -1 -1 -1 -1000 -1000 -1000 -10
NotCar -1 -1 -10 411 221 522 316 -1 -1 -1 -1000 -1000 -1000 -10
NotCar -1 -1 -10 426 221 537 316 -1 -1 -1 -1000 -1000 -1000 -10
NotCar -1 -1 -10 411 237 522 332 -1 -1 -1 -1000 -1000 -1000 -10
NotCar -1 -1 -10 395 253 506 348 -1 -1 -1 -1000 -1000 -1000 -10
NotCar -1 -1 -10 411 253 522 348 -1 -1 -1 -1000 -1000 -1000 -10
NotCar -1 -1 -10 411 268 522 363 -1 -1 -1 -1000 -1000 -1000 -10
NotCar -1 -1 -10 902 53 1026 159 -1 -1 -1 -1000 -1000 -1000 -10
NotCar -1 -1 -10 212 88 336 194 -1 -1 -1 -1000 -1000 -1000 -10
NotCar -1 -1 -10 584 141 708 247 -1 -1 -1 -1000 -1000 -1000 -10
NotCar -1 -1 -10 601 141 725 247 -1 -1 -1 -1000 -1000 -1000 -10
NotCar -1 -1 -10 849 141 973 247 -1 -1 -1 -1000 -1000 -1000 -10
NotCar -1 -1 -10 584 159 708 265 -1 -1 -1 -1000 -1000 -1000 -10
NotCar -1 -1 -10 601 159 725 265 -1 -1 -1 -1000 -1000 -1000 -10
NotCar -1 -1 -10 619 159 743 265 -1 -1 -1 -1000 -1000 -1000 -10
NotCar -1 -1 -10 1008 195 1132 301 -1 -1 -1 -1000 -1000 -1000 -10
NotCar -1 -1 -10 1026 195 1150 301 -1 -1 -1 -1000 -1000 -1000 -10
NotCar -1 -1 -10 1043 195 1167 301 -1 -1 -1 -1000 -1000 -1000 -10
NotCar -1 -1 -10 0 212 124 318 -1 -1 -1 -1000 -1000 -1000 -10
NotCar -1 -1 -10 407 212 531 318 -1 -1 -1 -1000 -1000 -1000 -10
NotCar -1 -1 -10 1008 212 1132 318 -1 -1 -1 -1000 -1000 -1000 -10
NotCar -1 -1 -10 407 230 531 336 -1 -1 -1 -1000 -1000 -1000 -10
NotCar -1 -1 -10 407 248 531 354 -1 -1 -1 -1000 -1000 -1000 -10
NotCar -1 -1 -10 178 79 317 198 -1 -1 -1 -1000 -1000 -1000 -10
NotCar -1 -1 -10 198 79 337 198 -1 -1 -1 -1000 -1000 -1000 -10
NotCar -1 -1 -10 218 79 357 198 -1 -1 -1 -1000 -1000 -1000 -10
NotCar -1 -1 -10 99 99 238 218 -1 -1 -1 -1000 -1000 -1000 -10
NotCar -1 -1 -10 119 99 258 218 -1 -1 -1 -1000 -1000 -1000 -10
NotCar -1 -1 -10 198 99 337 218 -1 -1 -1 -1000 -1000 -1000 -10
NotCar -1 -1 -10 218 99 357 218 -1 -1 -1 -1000 -1000 -1000 -10
NotCar -1 -1 -10 852 119 991 238 -1 -1 -1 -1000 -1000 -1000 -10
NotCar -1 -1 -10 416 139 555 258 -1 -1 -1 -1000 -1000 -1000 -10
NotCar -1 -1 -10 436 139 575 258 -1 -1 -1 -1000 -1000 -1000 -10
NotCar -1 -1 -10 574 139 713 258 -1 -1 -1 -1000 -1000 -1000 -10
NotCar -1 -1 -10 594 139 733 258 -1 -1 -1 -1000 -1000 -1000 -10
NotCar -1 -1 -10 852 139 991 258 -1 -1 -1 -1000 -1000 -1000 -10
NotCar -1 -1 -10 872 139 1011 258 -1 -1 -1 -1000 -1000 -1000 -10
NotCar -1 -1 -10 594 158 733 277 -1 -1 -1 -1000 -1000 -1000 -10
NotCar -1 -1 -10 990 178 1129 297 -1 -1 -1 -1000 -1000 -1000 -10
NotCar -1 -1 -10 1010 178 1149 297 -1 -1 -1 -1000 -1000 -1000 -10
NotCar -1 -1 -10 1030 178 1169 297 -1 -1 -1 -1000 -1000 -1000 -10
NotCar -1 -1 -10 1010 198 1149 317 -1 -1 -1 -1000 -1000 -1000 -10
NotCar -1 -1 -10 1030 198 1169 317 -1 -1 -1 -1000 -1000 -1000 -10
NotCar -1 -1 -10 396 218 535 337 -1 -1 -1 -1000 -1000 -1000 -10
NotCar -1 -1 -10 376 238 515 357 -1 -1 -1 -1000 -1000 -1000 -10
NotCar -1 -1 -10 396 238 535 357 -1 -1 -1 -1000 -1000 -1000 -10
NotCar -1 -1 -10 887 44 1042 177 -1 -1 -1 -1000 -1000 -1000 -10
NotCar -1 -1 -10 1043 44 1198 177 -1 -1 -1 -1000 -1000 -1000 -10
NotCar -1 -1 -10 422 67 577 200 -1 -1 -1 -1000 -1000 -1000 -10
NotCar -1 -1 -10 89 89 244 222 -1 -1 -1 -1000 -1000 -1000 -10
NotCar -1 -1 -10 111 89 266 222 -1 -1 -1 -1000 -1000 -1000 -10
NotCar -1 -1 -10 422 133 577 266 -1 -1 -1 -1000 -1000 -1000 -10
NotCar -1 -1 -10 577 133 732 266 -1 -1 -1 -1000 -1000 -1000 -10
NotCar -1 -1 -10 599 133 754 266 -1 -1 -1 -1000 -1000 -1000 -10
NotCar -1 -1 -10 998 177 1153 310 -1 -1 -1 -1000 -1000 -1000 -10
NotCar -1 -1 -10 1020 177 1175 310 -1 -1 -1 -1000 -1000 -1000 -10
NotCar -1 -1 -10 333 200 488 333 -1 -1 -1 -1000 -1000 -1000 -10
NotCar -1 -1 -10 399 200 554 333 -1 -1 -1 -1000 -1000 -1000 -10
NotCar -1 -1 -10 998 200 1153 333 -1 -1 -1 -1000 -1000 -1000 -10
NotCar -1 -1 -10 1020 200 1175 333 -1 -1 -1 -1000 -1000 -1000 -10
NotCar -1 -1 -10 399 222 554 355 -1 -1 -1 -1000 -1000 -1000 -10
NotCar -1 -1 -10 1044 25 1218 174 -1 -1 -1 -1000 -1000 -1000 -10
NotCar -1 -1 -10 75 75 249 224 -1 -1 -1 -1000 -1000 -1000 -10
NotCar -1 -1 -10 99 75 273 224 -1 -1 -1 -1000 -1000 -1000 -10
NotCar -1 -1 -10 149 75 323 224 -1 -1 -1 -1000 -1000 -1000 -10
NotCar -1 -1 -10 422 124 596 273 -1 -1 -1 -1000 -1000 -1000 -10
NotCar -1 -1 -10 571 124 745 273 -1 -1 -1 -1000 -1000 -1000 -10
NotCar -1 -1 -10 571 149 745 298 -1 -1 -1 -1000 -1000 -1000 -10
NotCar -1 -1 -10 969 149 1143 298 -1 -1 -1 -1000 -1000 -1000 -10
NotCar -1 -1 -10 994 149 1168 298 -1 -1 -1 -1000 -1000 -1000 -10
NotCar -1 -1 -10 1019 149 1193 298 -1 -1 -1 -1000 -1000 -1000 -10
NotCar -1 -1 -10 994 174 1168 323 -1 -1 -1 -1000 -1000 -1000 -10
NotCar -1 -1 -10 1019 174 1193 323 -1 -1 -1 -1000 -1000 -1000 -10
NotCar -1 -1 -10 1044 174 1218 323 -1 -1 -1 -1000 -1000 -1000 -10
NotCar -1 -1 -10 348 199 522 348 -1 -1 -1 -1000 -1000 -1000 -10
NotCar -1 -1 -10 373 199 547 348 -1 -1 -1 -1000 -1000 -1000 -10
NotCar -1 -1 -10 390 28 585 195 -1 -1 -1 -1000 -1000 -1000 -10
NotCar -1 -1 -10 417 28 612 195 -1 -1 -1 -1000 -1000 -1000 -10
NotCar -1 -1 -10 56 56 251 223 -1 -1 -1 -1000 -1000 -1000 -10
NotCar -1 -1 -10 612 56 807 223 -1 -1 -1 -1000 -1000 -1000 -10
NotCar -1 -1 -10 56 83 251 250 -1 -1 -1 -1000 -1000 -1000 -10
NotCar -1 -1 -10 83 83 278 250 -1 -1 -1 -1000 -1000 -1000 -10
NotCar -1 -1 -10 417 111 612 278 -1 -1 -1 -1000 -1000 -1000 -10
NotCar -1 -1 -10 557 111 752 278 -1 -1 -1 -1000 -1000 -1000 -10
NotCar -1 -1 -10 584 111 779 278 -1 -1 -1 -1000 -1000 -1000 -10
NotCar -1 -1 -10 974 139 1169 306 -1 -1 -1 -1000 -1000 -1000 -10
NotCar -1 -1 -10 1002 139 1197 306 -1 -1 -1 -1000 -1000 -1000 -10
NotCar -1 -1 -10 974 167 1169 334 -1 -1 -1 -1000 -1000 -1000 -10
NotCar -1 -1 -10 1002 167 1197 334 -1 -1 -1 -1000 -1000 -1000 -10
NotCar -1 -1 -10 1030 167 1225 334 -1 -1 -1 -1000 -1000 -1000 -10
NotCar -1 -1 -10 334 195 529 362 -1 -1 -1 -1000 -1000 -1000 -10
NotCar -1 -1 -10 362 195 557 362 -1 -1 -1 -1000 -1000 -1000 -10
NotCar -1 -1 -10 390 195 585 362 -1 -1 -1 -1000 -1000 -1000 -10
NotCar -1 -1 -10 1030 195 1225 362 -1 -1 -1 -1000 -1000 -1000 -10
NotCar -1 -1 -10 187 31 405 218 -1 -1 -1 -1000 -1000 -1000 -10
NotCar -1 -1 -10 218 31 436 218 -1 -1 -1 -1000 -1000 -1000 -10
NotCar -1 -1 -10 249 62 467 249 -1 -1 -1 -1000 -1000 -1000 -10
NotCar -1 -1 -10 530 94 748 281 -1 -1 -1 -1000 -1000 -1000 -10
NotCar -1 -1 -10 561 94 779 281 -1 -1 -1 -1000 -1000 -1000 -10
NotCar -1 -1 -10 966 125 1184 312 -1 -1 -1 -1000 -1000 -1000 -10
NotCar -1 -1 -10 343 156 561 343 -1 -1 -1 -1000 -1000 -1000 -10
NotCar -1 -1 -10 966 156 1184 343 -1 -1 -1 -1000 -1000 -1000 -10
NotCar -1 -1 -10 997 156 1215 343 -1 -1 -1 -1000 -1000 -1000 -10