NotCar -1 -1 -10 752 0 808 48 -1 -1 -1 -1000 -1000 -1000 -10
NotCar -1 -1 -10 832 0 888 48 -1 -1 -1 -1000 -1000 -1000 -10
NotCar -1 -1 -10 1056 0 1112 48 -1 -1 -1 -1000 -1000 -1000 -10
NotCar -1 -1 -10 824 8 880 56 -1 -1 -1 -1000 -1000 -1000 -10
NotCar -1 -1 -10 832 8 888 56 -1 -1 -1 -1000 -1000 -1000 -10
NotCar -1 -1 -10 832 16 888 64 -1 -1 -1 -1000 -1000 -1000 -10
NotCar -1 -1 -10 968 24 1024 72 -1 -1 -1 -1000 -1000 -1000 -10
NotCar -1 -1 -10 840 56 896 104 -1 -1 -1 -1000 -1000 -1000 -10
NotCar -1 -1 -10 1144 56 1200 104 -1 -1 -1 -1000 -1000 -1000 -10
NotCar -1 -1 -10 1144 64 1200 112 -1 -1 -1 -1000 -1000 -1000 -10
NotCar -1 -1 -10 1024 88 1080 136 -1 -1 -1 -1000 -1000 -1000 -10
NotCar -1 -1 -10 1048 88 1104 136 -1 -1 -1 -1000 -1000 -1000 -10
NotCar -1 -1 -10 128 96 184 144 -1 -1 -1 -1000 -1000 -1000 -10
NotCar -1 -1 -10 832 96 888 144 -1 -1 -1 -1000 -1000 -1000 -10
NotCar -1 -1 -10 840 96 896 144 -1 -1 -1 -1000 -1000 -1000 -10
NotCar -1 -1 -10 856 96 912 144 -1 -1 -1 -1000 -1000 -1000 -10
NotCar -1 -1 -10 1040 96 1096 144 -1 -1 -1 -1000 -1000 -1000 -10
NotCar -1 -1 -10 1048 96 1104 144 -1 -1 -1 -1000 -1000 -1000 -10
NotCar -1 -1 -10 1056 96 1112 144 -1 -1 -1 -1000 -1000 -1000 -10
NotCar -1 -1 -10 272 104 328 152 -1 -1 -1 -1000 -1000 -1000 -10
NotCar -1 -1 -10 152 112 208 160 -1 -1 -1 -1000 -1000 -1000 -10
NotCar -1 -1 -10 208 120 264 168 -1 -1 -1 -1000 -1000 -1000 -10
NotCar -1 -1 -10 424 120 480 168 -1 -1 -1 -1000 -1000 -1000 -10
NotCar -1 -1 -10 1000 120 1056 168 -1 -1 -1 -1000 -1000 -1000 -10
NotCar -1 -1 -10 432 152 488 200 -1 -1 -1 -1000 -1000 -1000 -10
NotCar -1 -1 -10 24 160 80 208 -1 -1 -1 -1000 -1000 -1000 -10
NotCar -1 -1 -10 384 160 440 208 -1 -1 -1 -1000 -1000 -1000 -10
NotCar -1 -1 -10 392 160 448 208 -1 -1 -1 -1000 -1000 -1000 -10
NotCar -1 -1 -10 400 160 456 208 -1 -1 -1 -1000 -1000 -1000 -10
NotCar -1 -1 -10 432 160 488 208 -1 -1 -1 -1000 -1000 -1000 -10
NotCar -1 -1 -10 152 168 208 216 -1 -1 -1 -1000 -1000 -1000 -10
NotCar -1 -1 -10 160 168 216 216 -1 -1 -1 -1000 -1000 -1000 -10
NotCar -1 -1 -10 272 168 328 216 -1 -1 -1 -1000 -1000 -1000 -10
NotCar -1 -1 -10 280 168 336 216 -1 -1 -1 -1000 -1000 -1000 -10
NotCar -1 -1 -10 584 168 640 216 -1 -1 -1 -1000 -1000 -1000 -10
NotCar -1 -1 -10 928 168 984 216 -1 -1 -1 -1000 -1000 -1000 -10
NotCar -1 -1 -10 1048 168 1104 216 -1 -1 -1 -1000 -1000 -1000 -10
NotCar -1 -1 -10 272 176 328 224 -1 -1 -1 -1000 -1000 -1000 -10
NotCar -1 -1 -10 280 176 336 224 -1 -1 -1 -1000 -1000 -1000 -10
NotCar -1 -1 -10 952 176 1008 224 -1 -1 -1 -1000 -1000 -1000 -10
NotCar -1 -1 -10 816 184 872 232 -1 -1 -1 -1000 -1000 -1000 -10
NotCar -1 -1 -10 0 192 56 240 -1 -1 -1 -1000 -1000 -1000 -10
NotCar -1 -1 -10 952 192 1008 240 -1 -1 -1 -1000 -1000 -1000 -10
NotCar -1 -1 -10 1032 200 1088 248 -1 -1 -1 -1000 -1000 -1000 -10
NotCar -1 -1 -10 1040 200 1096 248 -1 -1 -1 -1000 -1000 -1000 -10
NotCar -1 -1 -10 1040 208 1096 256 -1 -1 -1 -1000 -1000 -1000 -10
NotCar -1 -1 -10 1144 208 1200 256 -1 -1 -1 -1000 -1000 -1000 -10
NotCar -1 -1 -10 1152 208 1208 256 -1 -1 -1 -1000 -1000 -1000 -10
NotCar -1 -1 -10 1160 208 1216 256 -1 -1 -1 -1000 -1000 -1000 -10
NotCar -1 -1 -10 1160 216 1216 264 -1 -1 -1 -1000 -1000 -1000 -10
NotCar -1 -1 -10 824 0 887 54 -1 -1 -1 -1000 -1000 -1000 -10
NotCar -1 -1 -10 833 9 896 63 -1 -1 -1 -1000 -1000 -1000 -10
NotCar -1 -1 -10 1057 9 1120 63 -1 -1 -1 -1000 -1000 -1000 -10
NotCar -1 -1 -10 833 18 896 72 -1 -1 -1 -1000 -1000 -1000 -10
NotCar -1 -1 -10 188 27 251 81 -1 -1 -1 -1000 -1000 -1000 -10
NotCar -1 -1 -10 833 27 896 81 -1 -1 -1 -1000 -1000 -1000 -10
NotCar -1 -1 -10 833 36 896 90 -1 -1 -1 -1000 -1000 -1000 -10
NotCar -1 -1 -10 1057 36 1120 90 -1 -1 -1 -1000 -1000 -1000 -10
NotCar -1 -1 -10 726 45 789 99 -1 -1 -1 -1000 -1000 -1000 -10
NotCar -1 -1 -10 968 45 1031 99 -1 -1 -1 -1000 -1000 -1000 -10
NotCar -1 -1 -10 977 45 1040 99 -1 -1 -1 -1000 -1000 -1000 -10
NotCar -1 -1 -10 1057 45 1120 99 -1 -1 -1 -1000 -1000 -1000 -10
NotCar -1 -1 -10 1057 54 1120 108 -1 -1 -1 -1000 -1000 -1000 -10
NotCar -1 -1 -10 188 81 251 135 -1 -1 -1 -1000 -1000 -1000 -10
NotCar -1 -1 -10 197 81 260 135 -1 -1 -1 -1000 -1000 -1000 -10
NotCar -1 -1 -10 1048 81 1111 135 -1 -1 -1 -1000 -1000 -1000 -10
NotCar -1 -1 -10 197 90 260 144 -1 -1 -1 -1000 -1000 -1000 -10
NotCar -1 -1 -10 1039 90 1102 144 -1 -1 -1 -1000 -1000 -1000 -10
NotCar -1 -1 -10 1048 90 1111 144 -1 -1 -1 -1000 -1000 -1000 -10
NotCar -1 -1 -10 1057 90 1120 144 -1 -1 -1 -1000 -1000 -1000 -10
NotCar -1 -1 -10 18 152 81 206 -1 -1 -1 -1000 -1000 -1000 -10
NotCar -1 -1 -10 385 152 448 206 -1 -1 -1 -1000 -1000 -1000 -10
NotCar -1 -1 -10 394 152 457 206 -1 -1 -1 -1000 -1000 -1000 -10
NotCar -1 -1 -10 403 152 466 206 -1 -1 -1 -1000 -1000 -1000 -10
NotCar -1 -1 -10 681 152 744 206 -1 -1 -1 -1000 -1000 -1000 -10
NotCar -1 -1 -10 385 161 448 215 -1 -1 -1 -1000 -1000 -1000 -10
NotCar -1 -1 -10 394 161 457 215 -1 -1 -1 -1000 -1000 -1000 -10
NotCar -1 -1 -10 269 170 332 224 -1 -1 -1 -1000 -1000 -1000 -10
NotCar -1 -1 -10 278 170 341 224 -1 -1 -1 -1000 -1000 -1000 -10
NotCar -1 -1 -10 520 170 583 224 -1 -1 -1 -1000 -1000 -1000 -10
NotCar -1 -1 -10 529 170 592 224 -1 -1 -1 -1000 -1000 -1000 -10
NotCar -1 -1 -10 573 170 636 224 -1 -1 -1 -1000 -1000 -1000 -10
NotCar -1 -1 -10 278 179 341 233 -1 -1 -1 -1000 -1000 -1000 -10
NotCar -1 -1 -10 520 179 583 233 -1 -1 -1 -1000 -1000 -1000 -10
NotCar -1 -1 -10 860 179 923 233 -1 -1 -1 -1000 -1000 -1000 -10
NotCar -1 -1 -10 869 179 932 233 -1 -1 -1 -1000 -1000 -1000 -10
NotCar -1 -1 -10 986 179 1049 233 -1 -1 -1 -1000 -1000 -1000 -10
NotCar -1 -1 -10 0 188 63 242 -1 -1 -1 -1000 -1000 -1000 -10
NotCar -1 -1 -10 878 188 941 242 -1 -1 -1 -1000 -1000 -1000 -10
NotCar -1 -1 -10 1156 197 1219 251 -1 -1 -1 -1000 -1000 -1000 -10
NotCar -1 -1 -10 1039 206 1102 260 -1 -1 -1 -1000 -1000 -1000 -10
NotCar -1 -1 -10 1156 206 1219 260 -1 -1 -1 -1000 -1000 -1000 -10
NotCar -1 -1 -10 823 0 893 60 -1 -1 -1 -1000 -1000 -1000 -10
NotCar -1 -1 -10 833 10 903 70 -1 -1 -1 -1000 -1000 -1000 -10
NotCar -1 -1 -10 833 20 903 80 -1 -1 -1 -1000 -1000 -1000 -10
NotCar -1 -1 -10 833 30 903 90 -1 -1 -1 -1000 -1000 -1000 -10
NotCar -1 -1 -10 191 70 261 130 -1 -1 -1 -1000 -1000 -1000 -10
NotCar -1 -1 -10 833 80 903 140 -1 -1 -1 -1000 -1000 -1000 -10
NotCar -1 -1 -10 1044 90 1114 150 -1 -1 -1 -1000 -1000 -1000 -10
NotCar -1 -1 -10 1054 90 1124 150 -1 -1 -1 -1000 -1000 -1000 -10
NotCar -1 -1 -10 140 100 210 160 -1 -1 -1 -1000 -1000 -1000 -10
NotCar -1 -1 -10 251 100 321 160 -1 -1 -1 -1000 -1000 -1000 -10
NotCar -1 -1 -10 261 100 331 160 -1 -1 -1 -1000 -1000 -1000 -10
NotCar -1 -1 -10 140 110 210 170 -1 -1 -1 -1000 -1000 -1000 -10
NotCar -1 -1 -10 391 140 461 200 -1 -1 -1 -1000 -1000 -1000 -10
NotCar -1 -1 -10 381 151 451 211 -1 -1 -1 -1000 -1000 -1000 -10
NotCar -1 -1 -10 391 151 461 211 -1 -1 -1 -1000 -1000 -1000 -10
NotCar -1 -1 -10 401 151 471 211 -1 -1 -1 -1000 -1000 -1000 -10
NotCar -1 -1 -10 271 161 341 221 -1 -1 -1 -1000 -1000 -1000 -10
NotCar -1 -1 -10 281 161 351 221 -1 -1 -1 -1000 -1000 -1000 -10
NotCar -1 -1 -10 522 161 592 221 -1 -1 -1 -1000 -1000 -1000 -10
NotCar -1 -1 -10 572 161 642 221 -1 -1 -1 -1000 -1000 -1000 -10
NotCar -1 -1 -10 271 171 341 231 -1 -1 -1 -1000 -1000 -1000 -10
NotCar -1 -1 -10 522 171 592 231 -1 -1 -1 -1000 -1000 -1000 -10
NotCar -1 -1 -10 572 171 642 231 -1 -1 -1 -1000 -1000 -1000 -10
NotCar -1 -1 -10 1034 201 1104 261 -1 -1 -1 -1000 -1000 -1000 -10
NotCar -1 -1 -10 1044 201 1114 261 -1 -1 -1 -1000 -1000 -1000 -10
NotCar -1 -1 -10 955 11 1034 78 -1 -1 -1 -1000 -1000 -1000 -10
NotCar -1 -1 -10 955 22 1034 89 -1 -1 -1 -1000 -1000 -1000 -10
NotCar -1 -1 -10 832 45 911 112 -1 -1 -1 -1000 -1000 -1000 -10
NotCar -1 -1 -10 1034 79 1113 146 -1 -1 -1 -1000 -1000 -1000 -10
NotCar -1 -1 -10 1045 79 1124 146 -1 -1 -1 -1000 -1000 -1000 -10
NotCar -1 -1 -10 1045 90 1124 157 -1 -1 -1 -1000 -1000 -1000 -10
NotCar -1 -1 -10 135 101 214 168 -1 -1 -1 -1000 -1000 -1000 -10
NotCar -1 -1 -10 944 101 1023 168 -1 -1 -1 -1000 -1000 -1000 -10
NotCar -1 -1 -10 944 112 1023 179 -1 -1 -1 -1000 -1000 -1000 -10
NotCar -1 -1 -10 382 146 461 213 -1 -1 -1 -1000 -1000 -1000 -10
NotCar -1 -1 -10 393 146 472 213 -1 -1 -1 -1000 -1000 -1000 -10
NotCar -1 -1 -10 686 146 765 213 -1 -1 -1 -1000 -1000 -1000 -10
NotCar -1 -1 -10 270 157 349 224 -1 -1 -1 -1000 -1000 -1000 -10
NotCar -1 -1 -10 528 157 607 224 -1 -1 -1 -1000 -1000 -1000 -10
NotCar -1 -1 -10 573 157 652 224 -1 -1 -1 -1000 -1000 -1000 -10
NotCar -1 -1 -10 629 157 708 224 -1 -1 -1 -1000 -1000 -1000 -10
NotCar -1 -1 -10 270 169 349 236 -1 -1 -1 -1000 -1000 -1000 -10
NotCar -1 -1 -10 562 169 641 236 -1 -1 -1 -1000 -1000 -1000 -10
NotCar -1 -1 -10 573 169 652 236 -1 -1 -1 -1000 -1000 -1000 -10
NotCar -1 -1 -10 933 169 1012 236 -1 -1 -1 -1000 -1000 -1000 -10
NotCar -1 -1 -10 955 169 1034 236 -1 -1 -1 -1000 -1000 -1000 -10
NotCar -1 -1 -10 1023 191 1102 258 -1 -1 -1 -1000 -1000 -1000 -10
NotCar -1 -1 -10 1034 191 1113 258 -1 -1 -1 -1000 -1000 -1000 -10
NotCar -1 -1 -10 1034 202 1113 269 -1 -1 -1 -1000 -1000 -1000 -10
NotCar -1 -1 -10 1045 202 1124 269 -1 -1 -1 -1000 -1000 -1000 -10
NotCar -1 -1 -10 818 25 906 101 -1 -1 -1 -1000 -1000 -1000 -10
NotCar -1 -1 -10 126 38 214 114 -1 -1 -1 -1000 -1000 -1000 -10
NotCar -1 -1 -10 126 50 214 126 -1 -1 -1 -1000 -1000 -1000 -10
NotCar -1 -1 -10 1032 76 1120 152 -1 -1 -1 -1000 -1000 -1000 -10
NotCar -1 -1 -10 1045 76 1133 152 -1 -1 -1 -1000 -1000 -1000 -10
NotCar -1 -1 -10 126 88 214 164 -1 -1 -1 -1000 -1000 -1000 -10
NotCar -1 -1 -10 1032 88 1120 164 -1 -1 -1 -1000 -1000 -1000 -10
NotCar -1 -1 -10 1045 88 1133 164 -1 -1 -1 -1000 -1000 -1000 -10
NotCar -1 -1 -10 327 138 415 214 -1 -1 -1 -1000 -1000 -1000 -10
NotCar -1 -1 -10 378 138 466 214 -1 -1 -1 -1000 -1000 -1000 -10
NotCar -1 -1 -10 390 138 478 214 -1 -1 -1 -1000 -1000 -1000 -10
NotCar -1 -1 -10 529 138 617 214 -1 -1 -1 -1000 -1000 -1000 -10
NotCar -1 -1 -10 617 138 705 214 -1 -1 -1 -1000 -1000 -1000 -10
NotCar -1 -1 -10 566 151 654 227 -1 -1 -1 -1000 -1000 -1000 -10
NotCar -1 -1 -10 806 151 894 227 -1 -1 -1 -1000 -1000 -1000 -10
NotCar -1 -1 -10 264 164 352 240 -1 -1 -1 -1000 -1000 -1000 -10
NotCar -1 -1 -10 504 164 592 240 -1 -1 -1 -1000 -1000 -1000 -10
NotCar -1 -1 -10 554 164 642 240 -1 -1 -1 -1000 -1000 -1000 -10
NotCar -1 -1 -10 566 164 654 240 -1 -1 -1 -1000 -1000 -1000 -10
NotCar -1 -1 -10 843 164 931 240 -1 -1 -1 -1000 -1000 -1000 -10
NotCar -1 -1 -10 856 164 944 240 -1 -1 -1 -1000 -1000 -1000 -10
NotCar -1 -1 -10 944 164 1032 240 -1 -1 -1 -1000 -1000 -1000 -10
NotCar -1 -1 -10 1020 189 1108 265 -1 -1 -1 -1000 -1000 -1000 -10
NotCar -1 -1 -10 1032 189 1120 265 -1 -1 -1 -1000 -1000 -1000 -10
NotCar -1 -1 -10 1045 189 1133 265 -1 -1 -1 -1000 -1000 -1000 -10
NotCar -1 -1 -10 113 42 212 127 -1 -1 -1 -1000 -1000 -1000 -10
NotCar -1 -1 -10 127 42 226 127 -1 -1 -1 -1000 -1000 -1000 -10
NotCar -1 -1 -10 395 70 494 155 -1 -1 -1 -1000 -1000 -1000 -10
NotCar -1 -1 -10 1029 85 1128 170 -1 -1 -1 -1000 -1000 -1000 -10
NotCar -1 -1 -10 1043 85 1142 170 -1 -1 -1 -1000 -1000 -1000 -10
NotCar -1 -1 -10 945 99 1044 184 -1 -1 -1 -1000 -1000 -1000 -10
NotCar -1 -1 -10 0 127 99 212 -1 -1 -1 -1000 -1000 -1000 -10
NotCar -1 -1 -10 367 127 466 212 -1 -1 -1 -1000 -1000 -1000 -10
NotCar -1 -1 -10 381 127 480 212 -1 -1 -1 -1000 -1000 -1000 -10
NotCar -1 -1 -10 0 141 99 226 -1 -1 -1 -1000 -1000 -1000 -10
NotCar -1 -1 -10 254 155 353 240 -1 -1 -1 -1000 -1000 -1000 -10
NotCar -1 -1 -10 465 155 564 240 -1 -1 -1 -1000 -1000 -1000 -10
NotCar -1 -1 -10 550 155 649 240 -1 -1 -1 -1000 -1000 -1000 -10
NotCar -1 -1 -10 564 155 663 240 -1 -1 -1 -1000 -1000 -1000 -10
NotCar -1 -1 -10 804 155 903 240 -1 -1 -1 -1000 -1000 -1000 -10
NotCar -1 -1 -10 818 155 917 240 -1 -1 -1 -1000 -1000 -1000 -10
NotCar -1 -1 -10 860 155 959 240 -1 -1 -1 -1000 -1000 -1000 -10
NotCar -1 -1 -10 931 155 1030 240 -1 -1 -1 -1000 -1000 -1000 -10
NotCar -1 -1 -10 945 155 1044 240 -1 -1 -1 -1000 -1000 -1000 -10
NotCar -1 -1 -10 1029 183 1128 268 -1 -1 -1 -1000 -1000 -1000 -10
NotCar -1 -1 -10 1043 183 1142 268 -1 -1 -1 -1000 -1000 -1000 -10
NotCar -1 -1 -10 1029 197 1128 282 -1 -1 -1 -1000 -1000 -1000 -10
NotCar -1 -1 -10 1043 197 1142 282 -1 -1 -1 -1000 -1000 -1000 -10
NotCar -1 -1 -10 1057 197 1156 282 -1 -1 -1 -1000 -1000 -1000 -10
NotCar -1 -1 -10 0 0 111 95 -1 -1 -1 -1000 -1000 -1000 -10
NotCar -1 -1 -10 947 0 1058 95 -1 -1 -1 -1000 -1000 -1000 -10
NotCar -1 -1 -10 0 16 111 111 -1 -1 -1 -1000 -1000 -1000 -10
NotCar -1 -1 -10 837 16 948 111 -1 -1 -1 -1000 -1000 -1000 -10
NotCar -1 -1 -10 111 32 222 127 -1 -1 -1 -1000 -1000 -1000 -10
NotCar -1 -1 -10 111 47 222 142 -1 -1 -1 -1000 -1000 -1000 -10
NotCar -1 -1 -10 126 47 237 142 -1 -1 -1 -1000 -1000 -1000 -10
NotCar -1 -1 -10 1026 63 1137 158 -1 -1 -1 -1000 -1000 -1000 -10
NotCar -1 -1 -10 1026 79 1137 174 -1 -1 -1 -1000 -1000 -1000 -10
NotCar -1 -1 -10 347 111 458 206 -1 -1 -1 -1000 -1000 -1000 -10
NotCar -1 -1 -10 363 126 474 221 -1 -1 -1 -1000 -1000 -1000 -10
NotCar -1 -1 -10 379 126 490 221 -1 -1 -1 -1000 -1000 -1000 -10
NotCar -1 -1 -10 521 126 632 221 -1 -1 -1 -1000 -1000 -1000 -10
NotCar -1 -1 -10 537 126 648 221 -1 -1 -1 -1000 -1000 -1000 -10
NotCar -1 -1 -10 474 142 585 237 -1 -1 -1 -1000 -1000 -1000 -10
NotCar -1 -1 -10 647 142 758 237 -1 -1 -1 -1000 -1000 -1000 -10
NotCar -1 -1 -10 1026 174 1137 269 -1 -1 -1 -1000 -1000 -1000 -10
NotCar -1 -1 -10 553 189 664 284 -1 -1 -1 -1000 -1000 -1000 -10
NotCar -1 -1 -10 568 189 679 284 -1 -1 -1 -1000 -1000 -1000 -10
NotCar -1 -1 -10 1026 189 1137 284 -1 -1 -1 -1000 -1000 -1000 -10
NotCar -1 -1 -10 937 0 1061 106 -1 -1 -1 -1000 -1000 -1000 -10
NotCar -1 -1 -10 814 18 938 124 -1 -1 -1 -1000 -1000 -1000 -10
NotCar -1 -1 -10 831 18 955 124 -1 -1 -1 -1000 -1000 -1000 -10
NotCar -1 -1 -10 106 35 230 141 -1 -1 -1 -1000 -1000 -1000 -10
NotCar -1 -1 -10 1008 71 1132 177 -1 -1 -1 -1000 -1000 -1000 -10
NotCar -1 -1 -10 354 106 478 212 -1 -1 -1 -1000 -1000 -1000 -10
NotCar -1 -1 -10 371 106 495 212 -1 -1 -1 -1000 -1000 -1000 -10
NotCar -1 -1 -10 371 124 495 230 -1 -1 -1 -1000 -1000 -1000 -10
NotCar -1 -1 -10 531 124 655 230 -1 -1 -1 -1000 -1000 -1000 -10
NotCar -1 -1 -10 937 141 1061 247 -1 -1 -1 -1000 -1000 -1000 -10
NotCar -1 -1 -10 424 159 548 265 -1 -1 -1 -1000 -1000 -1000 -10
NotCar -1 -1 -10 792 0 931 119 -1 -1 -1 -1000 -1000 -1000 -10
NotCar -1 -1 -10 812 0 951 119 -1 -1 -1 -1000 -1000 -1000 -10
NotCar -1 -1 -10 931 0 1070 119 -1 -1 -1 -1000 -1000 -1000 -10
NotCar -1 -1 -10 337 40 476 159 -1 -1 -1 -1000 -1000 -1000 -10
NotCar -1 -1 -10 357 40 496 159 -1 -1 -1 -1000 -1000 -1000 -10
NotCar -1 -1 -10 79 59 218 178 -1 -1 -1 -1000 -1000 -1000 -10
NotCar -1 -1 -10 931 139 1070 258 -1 -1 -1 -1000 -1000 -1000 -10
NotCar -1 -1 -10 799 0 954 133 -1 -1 -1 -1000 -1000 -1000 -10
NotCar -1 -1 -10 67 44 222 177 -1 -1 -1 -1000 -1000 -1000 -10
NotCar -1 -1 -10 89 44 244 177 -1 -1 -1 -1000 -1000 -1000 -10
NotCar -1 -1 -10 333 44 488 177 -1 -1 -1 -1000 -1000 -1000 -10
NotCar -1 -1 -10 355 44 510 177 -1 -1 -1 -1000 -1000 -1000 -10
NotCar -1 -1 -10 355 111 510 244 -1 -1 -1 -1000 -1000 -1000 -10
NotCar -1 -1 -10 910 133 1065 266 -1 -1 -1 -1000 -1000 -1000 -10
NotCar -1 -1 -10 910 155 1065 288 -1 -1 -1 -1000 -1000 -1000 -10
NotCar -1 -1 -10 50 25 224 174 -1 -1 -1 -1000 -1000 -1000 -10
NotCar -1 -1 -10 75 25 249 174 -1 -1 -1 -1000 -1000 -1000 -10
NotCar -1 -1 -10 298 25 472 174 -1 -1 -1 -1000 -1000 -1000 -10
NotCar -1 -1 -10 323 25 497 174 -1 -1 -1 -1000 -1000 -1000 -10
NotCar -1 -1 -10 845 124 1019 273 -1 -1 -1 -1000 -1000 -1000 -10
NotCar -1 -1 -10 522 174 696 323 -1 -1 -1 -1000 -1000 -1000 -10
NotCar -1 -1 -10 56 0 251 167 -1 -1 -1 -1000 -1000 -1000 -10
NotCar -1 -1 -10 779 0 974 167 -1 -1 -1 -1000 -1000 -1000 -10
NotCar -1 -1 -10 56 28 251 195 -1 -1 -1 -1000 -1000 -1000 -10
NotCar -1 -1 -10 56 56 251 223 -1 -1 -1 -1000 -1000 -1000 -10
NotCar -1 -1 -10 390 111 585 278 -1 -1 -1 -1000 -1000 -1000 -10
NotCar -1 -1 -10 835 111 1030 278 -1 -1 -1 -1000 -1000 -1000 -10
NotCar -1 -1 -10 863 111 1058 278 -1 -1 -1 -1000 -1000 -1000 -10
NotCar -1 -1 -10 390 139 585 306 -1 -1 -1 -1000 -1000 -1000 -10
NotCar -1 -1 -10 501 167 696 334 -1 -1 -1 -1000 -1000 -1000 -10
NotCar -1 -1 -10 62 0 280 187 -1 -1 -1 -1000 -1000 -1000 -10
NotCar -1 -1 -10 156 0 374 187 -1 -1 -1 -1000 -1000 -1000 -10
NotCar -1 -1 -10 187 0 405 187 -1 -1 -1 -1000 -1000 -1000 -10
NotCar -1 -1 -10 374 62 592 249 -1 -1 -1 -1000 -1000 -1000 -10
NotCar -1 -1 -10 374 94 592 281 -1 -1 -1 -1000 -1000 -1000 -10
NotCar -1 -1 -10 873 94 1091 281 -1 -1 -1 -1000 -1000 -1000 -10
NotCar -1 -1 -10 125 156 343 343 -1 -1 -1 -1000 -1000 -1000 -10
NotCar -1 -1 -10 156 156 374 343 -1 -1 -1 -1000 -1000 -1000 -10
NotCar -1 -1 -10 187 156 405 343 -1 -1 -1 -1000 -1000 -1000 -10
NotCar -1 -1 -10 499 156 717 343 -1 -1 -1 -1000 -1000 -1000 -10