NotCar -1 -1 -10 376 0 432 48 -1 -1 -1 -1000 -1000 -1000 -10
NotCar -1 -1 -10 192 16 248 64 -1 -1 -1 -1000 -1000 -1000 -10
NotCar -1 -1 -10 200 16 256 64 -1 -1 -1 -1000 -1000 -1000 -10
NotCar -1 -1 -10 824 24 880 72 -1 -1 -1 -1000 -1000 -1000 -10
NotCar -1 -1 -10 744 40 800 88 -1 -1 -1 -1000 -1000 -1000 -10
NotCar -1 -1 -10 752 40 808 88 -1 -1 -1 -1000 -1000 -1000 -10
NotCar -1 -1 -10 976 64 1032 112 -1 -1 -1 -1000 -1000 -1000 -10
NotCar -1 -1 -10 1088 72 1144 120 -1 -1 -1 -1000 -1000 -1000 -10
NotCar -1 -1 -10 8 88 64 136 -1 -1 -1 -1000 -1000 -1000 -10
NotCar -1 -1 -10 208 88 264 136 -1 -1 -1 -1000 -1000 -1000 -10
NotCar -1 -1 -10 856 96 912 144 -1 -1 -1 -1000 -1000 -1000 -10
NotCar -1 -1 -10 1136 112 1192 160 -1 -1 -1 -1000 -1000 -1000 -10
NotCar -1 -1 -10 64 120 120 168 -1 -1 -1 -1000 -1000 -1000 -10
NotCar -1 -1 -10 1144 120 1200 168 -1 -1 -1 -1000 -1000 -1000 -10
NotCar -1 -1 -10 128 136 184 184 -1 -1 -1 -1000 -1000 -1000 -10
NotCar -1 -1 -10 520 152 576 200 -1 -1 -1 -1000 -1000 -1000 -10
NotCar -1 -1 -10 528 152 584 200 -1 -1 -1 -1000 -1000 -1000 -10
NotCar -1 -1 -10 552 152 608 200 -1 -1 -1 -1000 -1000 -1000 -10
NotCar -1 -1 -10 560 152 616 200 -1 -1 -1 -1000 -1000 -1000 -10
NotCar -1 -1 -10 568 152 624 200 -1 -1 -1 -1000 -1000 -1000 -10
NotCar -1 -1 -10 40 160 96 208 -1 -1 -1 -1000 -1000 -1000 -10
NotCar -1 -1 -10 352 160 408 208 -1 -1 -1 -1000 -1000 -1000 -10
NotCar -1 -1 -10 464 160 520 208 -1 -1 -1 -1000 -1000 -1000 -10
NotCar -1 -1 -10 472 160 528 208 -1 -1 -1 -1000 -1000 -1000 -10
NotCar -1 -1 -10 496 160 552 208 -1 -1 -1 -1000 -1000 -1000 -10
NotCar -1 -1 -10 520 160 576 208 -1 -1 -1 -1000 -1000 -1000 -10
NotCar -1 -1 -10 552 160 608 208 -1 -1 -1 -1000 -1000 -1000 -10
NotCar -1 -1 -10 560 160 616 208 -1 -1 -1 -1000 -1000 -1000 -10
NotCar -1 -1 -10 568 160 624 208 -1 -1 -1 -1000 -1000 -1000 -10
NotCar -1 -1 -10 976 160 1032 208 -1 -1 -1 -1000 -1000 -1000 -10
NotCar -1 -1 -10 984 160 1040 208 -1 -1 -1 -1000 -1000 -1000 -10
NotCar -1 -1 -10 1000 160 1056 208 -1 -1 -1 -1000 -1000 -1000 -10
NotCar -1 -1 -10 1008 160 1064 208 -1 -1 -1 -1000 -1000 -1000 -10
NotCar -1 -1 -10 1016 160 1072 208 -1 -1 -1 -1000 -1000 -1000 -10
NotCar -1 -1 -10 1024 160 1080 208 -1 -1 -1 -1000 -1000 -1000 -10
NotCar -1 -1 -10 1032 160 1088 208 -1 -1 -1 -1000 -1000 -1000 -10
NotCar -1 -1 -10 1040 160 1096 208 -1 -1 -1 -1000 -1000 -1000 -10
NotCar -1 -1 -10 1144 160 1200 208 -1 -1 -1 -1000 -1000 -1000 -10
NotCar -1 -1 -10 1152 160 1208 208 -1 -1 -1 -1000 -1000 -1000 -10
NotCar -1 -1 -10 32 168 88 216 -1 -1 -1 -1000 -1000 -1000 -10
NotCar -1 -1 -10 40 168 96 216 -1 -1 -1 -1000 -1000 -1000 -10
NotCar -1 -1 -10 328 168 384 216 -1 -1 -1 -1000 -1000 -1000 -10
NotCar -1 -1 -10 336 168 392 216 -1 -1 -1 -1000 -1000 -1000 -10
NotCar -1 -1 -10 344 168 400 216 -1 -1 -1 -1000 -1000 -1000 -10
NotCar -1 -1 -10 464 168 520 216 -1 -1 -1 -1000 -1000 -1000 -10
NotCar -1 -1 -10 472 168 528 216 -1 -1 -1 -1000 -1000 -1000 -10
NotCar -1 -1 -10 496 168 552 216 -1 -1 -1 -1000 -1000 -1000 -10
NotCar -1 -1 -10 504 168 560 216 -1 -1 -1 -1000 -1000 -1000 -10
NotCar -1 -1 -10 512 168 568 216 -1 -1 -1 -1000 -1000 -1000 -10
NotCar -1 -1 -10 552 168 608 216 -1 -1 -1 -1000 -1000 -1000 -10
NotCar -1 -1 -10 560 168 616 216 -1 -1 -1 -1000 -1000 -1000 -10
NotCar -1 -1 -10 568 168 624 216 -1 -1 -1 -1000 -1000 -1000 -10
NotCar -1 -1 -10 416 176 472 224 -1 -1 -1 -1000 -1000 -1000 -10
NotCar -1 -1 -10 424 176 480 224 -1 -1 -1 -1000 -1000 -1000 -10
NotCar -1 -1 -10 560 176 616 224 -1 -1 -1 -1000 -1000 -1000 -10
NotCar -1 -1 -10 568 176 624 224 -1 -1 -1 -1000 -1000 -1000 -10
NotCar -1 -1 -10 1072 176 1128 224 -1 -1 -1 -1000 -1000 -1000 -10
NotCar -1 -1 -10 1120 176 1176 224 -1 -1 -1 -1000 -1000 -1000 -10
NotCar -1 -1 -10 1128 176 1184 224 -1 -1 -1 -1000 -1000 -1000 -10
NotCar -1 -1 -10 1136 176 1192 224 -1 -1 -1 -1000 -1000 -1000 -10
NotCar -1 -1 -10 1144 176 1200 224 -1 -1 -1 -1000 -1000 -1000 -10
NotCar -1 -1 -10 1152 176 1208 224 -1 -1 -1 -1000 -1000 -1000 -10
NotCar -1 -1 -10 1168 176 1224 224 -1 -1 -1 -1000 -1000 -1000 -10
NotCar -1 -1 -10 144 184 200 232 -1 -1 -1 -1000 -1000 -1000 -10
NotCar -1 -1 -10 552 184 608 232 -1 -1 -1 -1000 -1000 -1000 -10
NotCar -1 -1 -10 560 184 616 232 -1 -1 -1 -1000 -1000 -1000 -10
NotCar -1 -1 -10 568 184 624 232 -1 -1 -1 -1000 -1000 -1000 -10
NotCar -1 -1 -10 1136 184 1192 232 -1 -1 -1 -1000 -1000 -1000 -10
NotCar -1 -1 -10 1160 184 1216 232 -1 -1 -1 -1000 -1000 -1000 -10
NotCar -1 -1 -10 1168 184 1224 232 -1 -1 -1 -1000 -1000 -1000 -10
NotCar -1 -1 -10 552 192 608 240 -1 -1 -1 -1000 -1000 -1000 -10
NotCar -1 -1 -10 560 192 616 240 -1 -1 -1 -1000 -1000 -1000 -10
NotCar -1 -1 -10 56 200 112 248 -1 -1 -1 -1000 -1000 -1000 -10
NotCar -1 -1 -10 64 200 120 248 -1 -1 -1 -1000 -1000 -1000 -10
NotCar -1 -1 -10 96 200 152 248 -1 -1 -1 -1000 -1000 -1000 -10
NotCar -1 -1 -10 24 208 80 256 -1 -1 -1 -1000 -1000 -1000 -10
NotCar -1 -1 -10 552 208 608 256 -1 -1 -1 -1000 -1000 -1000 -10
NotCar -1 -1 -10 1168 208 1224 256 -1 -1 -1 -1000 -1000 -1000 -10
NotCar -1 -1 -10 184 216 240 264 -1 -1 -1 -1000 -1000 -1000 -10
NotCar -1 -1 -10 1168 216 1224 264 -1 -1 -1 -1000 -1000 -1000 -10
NotCar -1 -1 -10 584 224 640 272 -1 -1 -1 -1000 -1000 -1000 -10
NotCar -1 -1 -10 104 232 160 280 -1 -1 -1 -1000 -1000 -1000 -10
NotCar -1 -1 -10 56 240 112 288 -1 -1 -1 -1000 -1000 -1000 -10
NotCar -1 -1 -10 384 320 440 368 -1 -1 -1 -1000 -1000 -1000 -10
NotCar -1 -1 -10 367 9 430 63 -1 -1 -1 -1000 -1000 -1000 -10
NotCar -1 -1 -10 654 27 717 81 -1 -1 -1 -1000 -1000 -1000 -10
NotCar -1 -1 -10 753 36 816 90 -1 -1 -1 -1000 -1000 -1000 -10
NotCar -1 -1 -10 977 63 1040 117 -1 -1 -1 -1000 -1000 -1000 -10
NotCar -1 -1 -10 0 90 63 144 -1 -1 -1 -1000 -1000 -1000 -10
NotCar -1 -1 -10 941 108 1004 162 -1 -1 -1 -1000 -1000 -1000 -10
NotCar -1 -1 -10 950 108 1013 162 -1 -1 -1 -1000 -1000 -1000 -10
NotCar -1 -1 -10 950 116 1013 170 -1 -1 -1 -1000 -1000 -1000 -10
NotCar -1 -1 -10 950 134 1013 188 -1 -1 -1 -1000 -1000 -1000 -10
NotCar -1 -1 -10 959 134 1022 188 -1 -1 -1 -1000 -1000 -1000 -10
NotCar -1 -1 -10 547 143 610 197 -1 -1 -1 -1000 -1000 -1000 -10
NotCar -1 -1 -10 556 143 619 197 -1 -1 -1 -1000 -1000 -1000 -10
NotCar -1 -1 -10 385 152 448 206 -1 -1 -1 -1000 -1000 -1000 -10
NotCar -1 -1 -10 466 152 529 206 -1 -1 -1 -1000 -1000 -1000 -10
NotCar -1 -1 -10 520 152 583 206 -1 -1 -1 -1000 -1000 -1000 -10
NotCar -1 -1 -10 556 152 619 206 -1 -1 -1 -1000 -1000 -1000 -10
NotCar -1 -1 -10 564 152 627 206 -1 -1 -1 -1000 -1000 -1000 -10
NotCar -1 -1 -10 968 152 1031 206 -1 -1 -1 -1000 -1000 -1000 -10
NotCar -1 -1 -10 340 161 403 215 -1 -1 -1 -1000 -1000 -1000 -10
NotCar -1 -1 -10 457 161 520 215 -1 -1 -1 -1000 -1000 -1000 -10
NotCar -1 -1 -10 466 161 529 215 -1 -1 -1 -1000 -1000 -1000 -10
NotCar -1 -1 -10 502 161 565 215 -1 -1 -1 -1000 -1000 -1000 -10
NotCar -1 -1 -10 556 161 619 215 -1 -1 -1 -1000 -1000 -1000 -10
NotCar -1 -1 -10 564 161 627 215 -1 -1 -1 -1000 -1000 -1000 -10
NotCar -1 -1 -10 968 161 1031 215 -1 -1 -1 -1000 -1000 -1000 -10
NotCar -1 -1 -10 977 161 1040 215 -1 -1 -1 -1000 -1000 -1000 -10
NotCar -1 -1 -10 986 161 1049 215 -1 -1 -1 -1000 -1000 -1000 -10
NotCar -1 -1 -10 995 161 1058 215 -1 -1 -1 -1000 -1000 -1000 -10
NotCar -1 -1 -10 1004 161 1067 215 -1 -1 -1 -1000 -1000 -1000 -10
NotCar -1 -1 -10 1066 161 1129 215 -1 -1 -1 -1000 -1000 -1000 -10
NotCar -1 -1 -10 421 170 484 224 -1 -1 -1 -1000 -1000 -1000 -10
NotCar -1 -1 -10 493 170 556 224 -1 -1 -1 -1000 -1000 -1000 -10
NotCar -1 -1 -10 502 170 565 224 -1 -1 -1 -1000 -1000 -1000 -10
NotCar -1 -1 -10 556 170 619 224 -1 -1 -1 -1000 -1000 -1000 -10
NotCar -1 -1 -10 564 170 627 224 -1 -1 -1 -1000 -1000 -1000 -10
NotCar -1 -1 -10 556 179 619 233 -1 -1 -1 -1000 -1000 -1000 -10
NotCar -1 -1 -10 564 179 627 233 -1 -1 -1 -1000 -1000 -1000 -10
NotCar -1 -1 -10 556 188 619 242 -1 -1 -1 -1000 -1000 -1000 -10
NotCar -1 -1 -10 54 197 117 251 -1 -1 -1 -1000 -1000 -1000 -10
NotCar -1 -1 -10 54 206 117 260 -1 -1 -1 -1000 -1000 -1000 -10
NotCar -1 -1 -10 600 242 663 296 -1 -1 -1 -1000 -1000 -1000 -10
NotCar -1 -1 -10 591 251 654 305 -1 -1 -1 -1000 -1000 -1000 -10
NotCar -1 -1 -10 645 260 708 314 -1 -1 -1 -1000 -1000 -1000 -10
NotCar -1 -1 -10 371 0 441 60 -1 -1 -1 -1000 -1000 -1000 -10
NotCar -1 -1 -10 452 0 522 60 -1 -1 -1 -1000 -1000 -1000 -10
NotCar -1 -1 -10 181 20 251 80 -1 -1 -1 -1000 -1000 -1000 -10
NotCar -1 -1 -10 331 40 401 100 -1 -1 -1 -1000 -1000 -1000 -10
NotCar -1 -1 -10 100 60 170 120 -1 -1 -1 -1000 -1000 -1000 -10
NotCar -1 -1 -10 201 80 271 140 -1 -1 -1 -1000 -1000 -1000 -10
NotCar -1 -1 -10 211 80 281 140 -1 -1 -1 -1000 -1000 -1000 -10
NotCar -1 -1 -10 552 140 622 200 -1 -1 -1 -1000 -1000 -1000 -10
NotCar -1 -1 -10 341 151 411 211 -1 -1 -1 -1000 -1000 -1000 -10
NotCar -1 -1 -10 381 151 451 211 -1 -1 -1 -1000 -1000 -1000 -10
NotCar -1 -1 -10 462 151 532 211 -1 -1 -1 -1000 -1000 -1000 -10
NotCar -1 -1 -10 472 151 542 211 -1 -1 -1 -1000 -1000 -1000 -10
NotCar -1 -1 -10 512 151 582 211 -1 -1 -1 -1000 -1000 -1000 -10
NotCar -1 -1 -10 552 151 622 211 -1 -1 -1 -1000 -1000 -1000 -10
NotCar -1 -1 -10 562 151 632 211 -1 -1 -1 -1000 -1000 -1000 -10
NotCar -1 -1 -10 963 151 1033 211 -1 -1 -1 -1000 -1000 -1000 -10
NotCar -1 -1 -10 973 151 1043 211 -1 -1 -1 -1000 -1000 -1000 -10
NotCar -1 -1 -10 331 161 401 221 -1 -1 -1 -1000 -1000 -1000 -10
NotCar -1 -1 -10 462 161 532 221 -1 -1 -1 -1000 -1000 -1000 -10
NotCar -1 -1 -10 492 161 562 221 -1 -1 -1 -1000 -1000 -1000 -10
NotCar -1 -1 -10 552 161 622 221 -1 -1 -1 -1000 -1000 -1000 -10
NotCar -1 -1 -10 562 161 632 221 -1 -1 -1 -1000 -1000 -1000 -10
NotCar -1 -1 -10 963 161 1033 221 -1 -1 -1 -1000 -1000 -1000 -10
NotCar -1 -1 -10 552 171 622 231 -1 -1 -1 -1000 -1000 -1000 -10
NotCar -1 -1 -10 562 171 632 231 -1 -1 -1 -1000 -1000 -1000 -10
NotCar -1 -1 -10 1154 171 1224 231 -1 -1 -1 -1000 -1000 -1000 -10
NotCar -1 -1 -10 552 181 622 241 -1 -1 -1 -1000 -1000 -1000 -10
NotCar -1 -1 -10 1154 181 1224 241 -1 -1 -1 -1000 -1000 -1000 -10
NotCar -1 -1 -10 100 191 170 251 -1 -1 -1 -1000 -1000 -1000 -10
NotCar -1 -1 -10 301 191 371 251 -1 -1 -1 -1000 -1000 -1000 -10
NotCar -1 -1 -10 542 201 612 261 -1 -1 -1 -1000 -1000 -1000 -10
NotCar -1 -1 -10 642 251 712 311 -1 -1 -1 -1000 -1000 -1000 -10
NotCar -1 -1 -10 411 291 481 351 -1 -1 -1 -1000 -1000 -1000 -10
NotCar -1 -1 -10 421 291 491 351 -1 -1 -1 -1000 -1000 -1000 -10
NotCar -1 -1 -10 450 0 529 67 -1 -1 -1 -1000 -1000 -1000 -10
NotCar -1 -1 -10 169 22 248 89 -1 -1 -1 -1000 -1000 -1000 -10
NotCar -1 -1 -10 742 34 821 101 -1 -1 -1 -1000 -1000 -1000 -10
NotCar -1 -1 -10 967 56 1046 123 -1 -1 -1 -1000 -1000 -1000 -10
NotCar -1 -1 -10 854 90 933 157 -1 -1 -1 -1000 -1000 -1000 -10
NotCar -1 -1 -10 922 90 1001 157 -1 -1 -1 -1000 -1000 -1000 -10
NotCar -1 -1 -10 944 124 1023 191 -1 -1 -1 -1000 -1000 -1000 -10
NotCar -1 -1 -10 450 146 529 213 -1 -1 -1 -1000 -1000 -1000 -10
NotCar -1 -1 -10 506 146 585 213 -1 -1 -1 -1000 -1000 -1000 -10
NotCar -1 -1 -10 551 146 630 213 -1 -1 -1 -1000 -1000 -1000 -10
NotCar -1 -1 -10 1023 146 1102 213 -1 -1 -1 -1000 -1000 -1000 -10
NotCar -1 -1 -10 416 157 495 224 -1 -1 -1 -1000 -1000 -1000 -10
NotCar -1 -1 -10 539 157 618 224 -1 -1 -1 -1000 -1000 -1000 -10
NotCar -1 -1 -10 551 157 630 224 -1 -1 -1 -1000 -1000 -1000 -10
NotCar -1 -1 -10 562 157 641 224 -1 -1 -1 -1000 -1000 -1000 -10
NotCar -1 -1 -10 955 157 1034 224 -1 -1 -1 -1000 -1000 -1000 -10
NotCar -1 -1 -10 967 157 1046 224 -1 -1 -1 -1000 -1000 -1000 -10
NotCar -1 -1 -10 1023 157 1102 224 -1 -1 -1 -1000 -1000 -1000 -10
NotCar -1 -1 -10 551 169 630 236 -1 -1 -1 -1000 -1000 -1000 -10
NotCar -1 -1 -10 562 169 641 236 -1 -1 -1 -1000 -1000 -1000 -10
NotCar -1 -1 -10 371 180 450 247 -1 -1 -1 -1000 -1000 -1000 -10
NotCar -1 -1 -10 551 180 630 247 -1 -1 -1 -1000 -1000 -1000 -10
NotCar -1 -1 -10 1068 180 1147 247 -1 -1 -1 -1000 -1000 -1000 -10
NotCar -1 -1 -10 1079 180 1158 247 -1 -1 -1 -1000 -1000 -1000 -10
NotCar -1 -1 -10 101 191 180 258 -1 -1 -1 -1000 -1000 -1000 -10
NotCar -1 -1 -10 371 191 450 258 -1 -1 -1 -1000 -1000 -1000 -10
NotCar -1 -1 -10 551 191 630 258 -1 -1 -1 -1000 -1000 -1000 -10
NotCar -1 -1 -10 506 202 585 269 -1 -1 -1 -1000 -1000 -1000 -10
NotCar -1 -1 -10 517 202 596 269 -1 -1 -1 -1000 -1000 -1000 -10
NotCar -1 -1 -10 562 214 641 281 -1 -1 -1 -1000 -1000 -1000 -10
NotCar -1 -1 -10 573 214 652 281 -1 -1 -1 -1000 -1000 -1000 -10
NotCar -1 -1 -10 584 247 663 314 -1 -1 -1 -1000 -1000 -1000 -10
NotCar -1 -1 -10 438 259 517 326 -1 -1 -1 -1000 -1000 -1000 -10
NotCar -1 -1 -10 416 281 495 348 -1 -1 -1 -1000 -1000 -1000 -10
NotCar -1 -1 -10 189 25 277 101 -1 -1 -1 -1000 -1000 -1000 -10
NotCar -1 -1 -10 403 50 491 126 -1 -1 -1 -1000 -1000 -1000 -10
NotCar -1 -1 -10 201 76 289 152 -1 -1 -1 -1000 -1000 -1000 -10
NotCar -1 -1 -10 541 138 629 214 -1 -1 -1 -1000 -1000 -1000 -10
NotCar -1 -1 -10 554 138 642 214 -1 -1 -1 -1000 -1000 -1000 -10
NotCar -1 -1 -10 1057 138 1145 214 -1 -1 -1 -1000 -1000 -1000 -10
NotCar -1 -1 -10 239 151 327 227 -1 -1 -1 -1000 -1000 -1000 -10
NotCar -1 -1 -10 541 151 629 227 -1 -1 -1 -1000 -1000 -1000 -10
NotCar -1 -1 -10 554 151 642 227 -1 -1 -1 -1000 -1000 -1000 -10
NotCar -1 -1 -10 541 164 629 240 -1 -1 -1 -1000 -1000 -1000 -10
NotCar -1 -1 -10 554 164 642 240 -1 -1 -1 -1000 -1000 -1000 -10
NotCar -1 -1 -10 554 176 642 252 -1 -1 -1 -1000 -1000 -1000 -10
NotCar -1 -1 -10 642 239 730 315 -1 -1 -1 -1000 -1000 -1000 -10
NotCar -1 -1 -10 541 252 629 328 -1 -1 -1 -1000 -1000 -1000 -10
NotCar -1 -1 -10 415 277 503 353 -1 -1 -1 -1000 -1000 -1000 -10
NotCar -1 -1 -10 719 14 818 99 -1 -1 -1 -1000 -1000 -1000 -10
NotCar -1 -1 -10 846 70 945 155 -1 -1 -1 -1000 -1000 -1000 -10
NotCar -1 -1 -10 733 127 832 212 -1 -1 -1 -1000 -1000 -1000 -10
NotCar -1 -1 -10 240 141 339 226 -1 -1 -1 -1000 -1000 -1000 -10
NotCar -1 -1 -10 536 141 635 226 -1 -1 -1 -1000 -1000 -1000 -10
NotCar -1 -1 -10 550 141 649 226 -1 -1 -1 -1000 -1000 -1000 -10
NotCar -1 -1 -10 945 141 1044 226 -1 -1 -1 -1000 -1000 -1000 -10
NotCar -1 -1 -10 536 155 635 240 -1 -1 -1 -1000 -1000 -1000 -10
NotCar -1 -1 -10 550 155 649 240 -1 -1 -1 -1000 -1000 -1000 -10
NotCar -1 -1 -10 959 155 1058 240 -1 -1 -1 -1000 -1000 -1000 -10
NotCar -1 -1 -10 564 226 663 311 -1 -1 -1 -1000 -1000 -1000 -10
NotCar -1 -1 -10 536 240 635 325 -1 -1 -1 -1000 -1000 -1000 -10
NotCar -1 -1 -10 578 240 677 325 -1 -1 -1 -1000 -1000 -1000 -10
NotCar -1 -1 -10 521 142 632 237 -1 -1 -1 -1000 -1000 -1000 -10
NotCar -1 -1 -10 537 142 648 237 -1 -1 -1 -1000 -1000 -1000 -10
NotCar -1 -1 -10 521 158 632 253 -1 -1 -1 -1000 -1000 -1000 -10
NotCar -1 -1 -10 537 158 648 253 -1 -1 -1 -1000 -1000 -1000 -10
NotCar -1 -1 -10 932 158 1043 253 -1 -1 -1 -1000 -1000 -1000 -10
NotCar -1 -1 -10 1090 174 1201 269 -1 -1 -1 -1000 -1000 -1000 -10
NotCar -1 -1 -10 690 0 814 106 -1 -1 -1 -1000 -1000 -1000 -10
NotCar -1 -1 -10 920 88 1044 194 -1 -1 -1 -1000 -1000 -1000 -10
NotCar -1 -1 -10 725 124 849 230 -1 -1 -1 -1000 -1000 -1000 -10
NotCar -1 -1 -10 513 141 637 247 -1 -1 -1 -1000 -1000 -1000 -10
NotCar -1 -1 -10 531 141 655 247 -1 -1 -1 -1000 -1000 -1000 -10
NotCar -1 -1 -10 513 159 637 265 -1 -1 -1 -1000 -1000 -1000 -10
NotCar -1 -1 -10 531 159 655 265 -1 -1 -1 -1000 -1000 -1000 -10
NotCar -1 -1 -10 548 159 672 265 -1 -1 -1 -1000 -1000 -1000 -10
NotCar -1 -1 -10 548 212 672 318 -1 -1 -1 -1000 -1000 -1000 -10
NotCar -1 -1 -10 178 119 317 238 -1 -1 -1 -1000 -1000 -1000 -10
NotCar -1 -1 -10 515 158 654 277 -1 -1 -1 -1000 -1000 -1000 -10
NotCar -1 -1 -10 555 198 694 317 -1 -1 -1 -1000 -1000 -1000 -10
NotCar -1 -1 -10 311 0 466 133 -1 -1 -1 -1000 -1000 -1000 -10
NotCar -1 -1 -10 998 89 1153 222 -1 -1 -1 -1000 -1000 -1000 -10
NotCar -1 -1 -10 510 133 665 266 -1 -1 -1 -1000 -1000 -1000 -10
NotCar -1 -1 -10 510 155 665 288 -1 -1 -1 -1000 -1000 -1000 -10
NotCar -1 -1 -10 298 0 472 149 -1 -1 -1 -1000 -1000 -1000 -10
NotCar -1 -1 -10 845 0 1019 149 -1 -1 -1 -1000 -1000 -1000 -10
NotCar -1 -1 -10 894 50 1068 199 -1 -1 -1 -1000 -1000 -1000 -10
NotCar -1 -1 -10 994 75 1168 224 -1 -1 -1 -1000 -1000 -1000 -10
NotCar -1 -1 -10 497 124 671 273 -1 -1 -1 -1000 -1000 -1000 -10
NotCar -1 -1 -10 497 149 671 298 -1 -1 -1 -1000 -1000 -1000 -10
NotCar -1 -1 -10 835 0 1030 167 -1 -1 -1 -1000 -1000 -1000 -10
NotCar -1 -1 -10 807 28 1002 195 -1 -1 -1 -1000 -1000 -1000 -10
NotCar -1 -1 -10 863 28 1058 195 -1 -1 -1 -1000 -1000 -1000 -10
NotCar -1 -1 -10 974 56 1169 223 -1 -1 -1 -1000 -1000 -1000 -10
NotCar -1 -1 -10 501 111 696 278 -1 -1 -1 -1000 -1000 -1000 -10
NotCar -1 -1 -10 501 139 696 306 -1 -1 -1 -1000 -1000 -1000 -10
NotCar -1 -1 -10 501 167 696 334 -1 -1 -1 -1000 -1000 -1000 -10
NotCar -1 -1 -10 281 0 499 187 -1 -1 -1 -1000 -1000 -1000 -10
NotCar -1 -1 -10 468 125 686 312 -1 -1 -1 -1000 -1000 -1000 -10
NotCar -1 -1 -10 468 156 686 343 -1 -1 -1 -1000 -1000 -1000 -10
NotCar -1 -1 -10 499 156 717 343 -1 -1 -1 -1000 -1000 -1000 -10