NotCar -1 -1 -10 424 8 480 56 -1 -1 -1 -1000 -1000 -1000 -10
NotCar -1 -1 -10 112 32 168 80 -1 -1 -1 -1000 -1000 -1000 -10
NotCar -1 -1 -10 272 32 328 80 -1 -1 -1 -1000 -1000 -1000 -10
NotCar -1 -1 -10 464 32 520 80 -1 -1 -1 -1000 -1000 -1000 -10
NotCar -1 -1 -10 472 32 528 80 -1 -1 -1 -1000 -1000 -1000 -10
NotCar -1 -1 -10 488 32 544 80 -1 -1 -1 -1000 -1000 -1000 -10
NotCar -1 -1 -10 664 32 720 80 -1 -1 -1 -1000 -1000 -1000 -10
NotCar -1 -1 -10 752 32 808 80 -1 -1 -1 -1000 -1000 -1000 -10
NotCar -1 -1 -10 168 40 224 88 -1 -1 -1 -1000 -1000 -1000 -10
NotCar -1 -1 -10 272 40 328 88 -1 -1 -1 -1000 -1000 -1000 -10
NotCar -1 -1 -10 280 40 336 88 -1 -1 -1 -1000 -1000 -1000 -10
NotCar -1 -1 -10 464 40 520 88 -1 -1 -1 -1000 -1000 -1000 -10
NotCar -1 -1 -10 472 40 528 88 -1 -1 -1 -1000 -1000 -1000 -10
NotCar -1 -1 -10 664 40 720 88 -1 -1 -1 -1000 -1000 -1000 -10
NotCar -1 -1 -10 64 56 120 104 -1 -1 -1 -1000 -1000 -1000 -10
NotCar -1 -1 -10 200 64 256 112 -1 -1 -1 -1000 -1000 -1000 -10
NotCar -1 -1 -10 304 64 360 112 -1 -1 -1 -1000 -1000 -1000 -10
NotCar -1 -1 -10 296 72 352 120 -1 -1 -1 -1000 -1000 -1000 -10
NotCar -1 -1 -10 304 72 360 120 -1 -1 -1 -1000 -1000 -1000 -10
NotCar -1 -1 -10 312 72 368 120 -1 -1 -1 -1000 -1000 -1000 -10
NotCar -1 -1 -10 320 72 376 120 -1 -1 -1 -1000 -1000 -1000 -10
NotCar -1 -1 -10 328 72 384 120 -1 -1 -1 -1000 -1000 -1000 -10
NotCar -1 -1 -10 336 72 392 120 -1 -1 -1 -1000 -1000 -1000 -10
NotCar -1 -1 -10 952 72 1008 120 -1 -1 -1 -1000 -1000 -1000 -10
NotCar -1 -1 -10 1040 72 1096 120 -1 -1 -1 -1000 -1000 -1000 -10
NotCar -1 -1 -10 328 80 384 128 -1 -1 -1 -1000 -1000 -1000 -10
NotCar -1 -1 -10 960 80 1016 128 -1 -1 -1 -1000 -1000 -1000 -10
NotCar -1 -1 -10 1080 88 1136 136 -1 -1 -1 -1000 -1000 -1000 -10
NotCar -1 -1 -10 1088 88 1144 136 -1 -1 -1 -1000 -1000 -1000 -10
NotCar -1 -1 -10 1136 88 1192 136 -1 -1 -1 -1000 -1000 -1000 -10
NotCar -1 -1 -10 1048 96 1104 144 -1 -1 -1 -1000 -1000 -1000 -10
NotCar -1 -1 -10 1080 96 1136 144 -1 -1 -1 -1000 -1000 -1000 -10
NotCar -1 -1 -10 1088 96 1144 144 -1 -1 -1 -1000 -1000 -1000 -10
NotCar -1 -1 -10 1112 96 1168 144 -1 -1 -1 -1000 -1000 -1000 -10
NotCar -1 -1 -10 1120 96 1176 144 -1 -1 -1 -1000 -1000 -1000 -10
NotCar -1 -1 -10 1128 96 1184 144 -1 -1 -1 -1000 -1000 -1000 -10
NotCar -1 -1 -10 16 104 72 152 -1 -1 -1 -1000 -1000 -1000 -10
NotCar -1 -1 -10 24 104 80 152 -1 -1 -1 -1000 -1000 -1000 -10
NotCar -1 -1 -10 64 104 120 152 -1 -1 -1 -1000 -1000 -1000 -10
NotCar -1 -1 -10 312 104 368 152 -1 -1 -1 -1000 -1000 -1000 -10
NotCar -1 -1 -10 1008 104 1064 152 -1 -1 -1 -1000 -1000 -1000 -10
NotCar -1 -1 -10 1112 104 1168 152 -1 -1 -1 -1000 -1000 -1000 -10
NotCar -1 -1 -10 1120 104 1176 152 -1 -1 -1 -1000 -1000 -1000 -10
NotCar -1 -1 -10 856 112 912 160 -1 -1 -1 -1000 -1000 -1000 -10
NotCar -1 -1 -10 864 112 920 160 -1 -1 -1 -1000 -1000 -1000 -10
NotCar -1 -1 -10 888 112 944 160 -1 -1 -1 -1000 -1000 -1000 -10
NotCar -1 -1 -10 896 112 952 160 -1 -1 -1 -1000 -1000 -1000 -10
NotCar -1 -1 -10 1072 112 1128 160 -1 -1 -1 -1000 -1000 -1000 -10
NotCar -1 -1 -10 1080 112 1136 160 -1 -1 -1 -1000 -1000 -1000 -10
NotCar -1 -1 -10 1128 112 1184 160 -1 -1 -1 -1000 -1000 -1000 -10
NotCar -1 -1 -10 1136 120 1192 168 -1 -1 -1 -1000 -1000 -1000 -10
NotCar -1 -1 -10 1096 128 1152 176 -1 -1 -1 -1000 -1000 -1000 -10
NotCar -1 -1 -10 1104 128 1160 176 -1 -1 -1 -1000 -1000 -1000 -10
NotCar -1 -1 -10 1128 128 1184 176 -1 -1 -1 -1000 -1000 -1000 -10
NotCar -1 -1 -10 1136 128 1192 176 -1 -1 -1 -1000 -1000 -1000 -10
NotCar -1 -1 -10 144 136 200 184 -1 -1 -1 -1000 -1000 -1000 -10
NotCar -1 -1 -10 152 136 208 184 -1 -1 -1 -1000 -1000 -1000 -10
NotCar -1 -1 -10 1096 136 1152 184 -1 -1 -1 -1000 -1000 -1000 -10
NotCar -1 -1 -10 352 144 408 192 -1 -1 -1 -1000 -1000 -1000 -10
NotCar -1 -1 -10 360 144 416 192 -1 -1 -1 -1000 -1000 -1000 -10
NotCar -1 -1 -10 0 152 56 200 -1 -1 -1 -1000 -1000 -1000 -10
NotCar -1 -1 -10 216 152 272 200 -1 -1 -1 -1000 -1000 -1000 -10
NotCar -1 -1 -10 224 152 280 200 -1 -1 -1 -1000 -1000 -1000 -10
NotCar -1 -1 -10 1048 152 1104 200 -1 -1 -1 -1000 -1000 -1000 -10
NotCar -1 -1 -10 1080 152 1136 200 -1 -1 -1 -1000 -1000 -1000 -10
NotCar -1 -1 -10 224 160 280 208 -1 -1 -1 -1000 -1000 -1000 -10
NotCar -1 -1 -10 1136 160 1192 208 -1 -1 -1 -1000 -1000 -1000 -10
NotCar -1 -1 -10 224 168 280 216 -1 -1 -1 -1000 -1000 -1000 -10
NotCar -1 -1 -10 1128 168 1184 216 -1 -1 -1 -1000 -1000 -1000 -10
NotCar -1 -1 -10 328 184 384 232 -1 -1 -1 -1000 -1000 -1000 -10
NotCar -1 -1 -10 536 184 592 232 -1 -1 -1 -1000 -1000 -1000 -10
NotCar -1 -1 -10 544 184 600 232 -1 -1 -1 -1000 -1000 -1000 -10
NotCar -1 -1 -10 104 192 160 240 -1 -1 -1 -1000 -1000 -1000 -10
NotCar -1 -1 -10 112 192 168 240 -1 -1 -1 -1000 -1000 -1000 -10
NotCar -1 -1 -10 272 192 328 240 -1 -1 -1 -1000 -1000 -1000 -10
NotCar -1 -1 -10 464 192 520 240 -1 -1 -1 -1000 -1000 -1000 -10
NotCar -1 -1 -10 528 192 584 240 -1 -1 -1 -1000 -1000 -1000 -10
NotCar -1 -1 -10 536 192 592 240 -1 -1 -1 -1000 -1000 -1000 -10
NotCar -1 -1 -10 544 192 600 240 -1 -1 -1 -1000 -1000 -1000 -10
NotCar -1 -1 -10 576 192 632 240 -1 -1 -1 -1000 -1000 -1000 -10
NotCar -1 -1 -10 1048 192 1104 240 -1 -1 -1 -1000 -1000 -1000 -10
NotCar -1 -1 -10 1064 192 1120 240 -1 -1 -1 -1000 -1000 -1000 -10
NotCar -1 -1 -10 336 200 392 248 -1 -1 -1 -1000 -1000 -1000 -10
NotCar -1 -1 -10 376 200 432 248 -1 -1 -1 -1000 -1000 -1000 -10
NotCar -1 -1 -10 400 200 456 248 -1 -1 -1 -1000 -1000 -1000 -10
NotCar -1 -1 -10 408 200 464 248 -1 -1 -1 -1000 -1000 -1000 -10
NotCar -1 -1 -10 456 200 512 248 -1 -1 -1 -1000 -1000 -1000 -10
NotCar -1 -1 -10 464 200 520 248 -1 -1 -1 -1000 -1000 -1000 -10
NotCar -1 -1 -10 472 200 528 248 -1 -1 -1 -1000 -1000 -1000 -10
NotCar -1 -1 -10 528 200 584 248 -1 -1 -1 -1000 -1000 -1000 -10
NotCar -1 -1 -10 536 200 592 248 -1 -1 -1 -1000 -1000 -1000 -10
NotCar -1 -1 -10 688 200 744 248 -1 -1 -1 -1000 -1000 -1000 -10
NotCar -1 -1 -10 696 200 752 248 -1 -1 -1 -1000 -1000 -1000 -10
NotCar -1 -1 -10 704 200 760 248 -1 -1 -1 -1000 -1000 -1000 -10
NotCar -1 -1 -10 824 200 880 248 -1 -1 -1 -1000 -1000 -1000 -10
NotCar -1 -1 -10 1024 200 1080 248 -1 -1 -1 -1000 -1000 -1000 -10
NotCar -1 -1 -10 1048 200 1104 248 -1 -1 -1 -1000 -1000 -1000 -10
NotCar -1 -1 -10 376 208 432 256 -1 -1 -1 -1000 -1000 -1000 -10
NotCar -1 -1 -10 408 208 464 256 -1 -1 -1 -1000 -1000 -1000 -10
NotCar -1 -1 -10 464 208 520 256 -1 -1 -1 -1000 -1000 -1000 -10
NotCar -1 -1 -10 32 216 88 264 -1 -1 -1 -1000 -1000 -1000 -10
NotCar -1 -1 -10 56 216 112 264 -1 -1 -1 -1000 -1000 -1000 -10
NotCar -1 -1 -10 1072 216 1128 264 -1 -1 -1 -1000 -1000 -1000 -10
NotCar -1 -1 -10 1080 216 1136 264 -1 -1 -1 -1000 -1000 -1000 -10
NotCar -1 -1 -10 1152 216 1208 264 -1 -1 -1 -1000 -1000 -1000 -10
NotCar -1 -1 -10 24 224 80 272 -1 -1 -1 -1000 -1000 -1000 -10
NotCar -1 -1 -10 32 224 88 272 -1 -1 -1 -1000 -1000 -1000 -10
NotCar -1 -1 -10 40 224 96 272 -1 -1 -1 -1000 -1000 -1000 -10
NotCar -1 -1 -10 56 224 112 272 -1 -1 -1 -1000 -1000 -1000 -10
NotCar -1 -1 -10 408 224 464 272 -1 -1 -1 -1000 -1000 -1000 -10
NotCar -1 -1 -10 472 224 528 272 -1 -1 -1 -1000 -1000 -1000 -10
NotCar -1 -1 -10 1120 224 1176 272 -1 -1 -1 -1000 -1000 -1000 -10
NotCar -1 -1 -10 1152 224 1208 272 -1 -1 -1 -1000 -1000 -1000 -10
NotCar -1 -1 -10 1160 224 1216 272 -1 -1 -1 -1000 -1000 -1000 -10
NotCar -1 -1 -10 392 232 448 280 -1 -1 -1 -1000 -1000 -1000 -10
NotCar -1 -1 -10 400 232 456 280 -1 -1 -1 -1000 -1000 -1000 -10
NotCar -1 -1 -10 408 232 464 280 -1 -1 -1 -1000 -1000 -1000 -10
NotCar -1 -1 -10 544 232 600 280 -1 -1 -1 -1000 -1000 -1000 -10
NotCar -1 -1 -10 600 232 656 280 -1 -1 -1 -1000 -1000 -1000 -10
NotCar -1 -1 -10 792 232 848 280 -1 -1 -1 -1000 -1000 -1000 -10
NotCar -1 -1 -10 408 240 464 288 -1 -1 -1 -1000 -1000 -1000 -10
NotCar -1 -1 -10 544 240 600 288 -1 -1 -1 -1000 -1000 -1000 -10
NotCar -1 -1 -10 600 240 656 288 -1 -1 -1 -1000 -1000 -1000 -10
NotCar -1 -1 -10 728 240 784 288 -1 -1 -1 -1000 -1000 -1000 -10
NotCar -1 -1 -10 736 240 792 288 -1 -1 -1 -1000 -1000 -1000 -10
NotCar -1 -1 -10 184 248 240 296 -1 -1 -1 -1000 -1000 -1000 -10
NotCar -1 -1 -10 544 248 600 296 -1 -1 -1 -1000 -1000 -1000 -10
NotCar -1 -1 -10 544 264 600 312 -1 -1 -1 -1000 -1000 -1000 -10
NotCar -1 -1 -10 40 272 96 320 -1 -1 -1 -1000 -1000 -1000 -10
NotCar -1 -1 -10 544 272 600 320 -1 -1 -1 -1000 -1000 -1000 -10
NotCar -1 -1 -10 792 280 848 328 -1 -1 -1 -1000 -1000 -1000 -10
NotCar -1 -1 -10 800 280 856 328 -1 -1 -1 -1000 -1000 -1000 -10
NotCar -1 -1 -10 664 304 720 352 -1 -1 -1 -1000 -1000 -1000 -10
NotCar -1 -1 -10 376 312 432 360 -1 -1 -1 -1000 -1000 -1000 -10
NotCar -1 -1 -10 456 312 512 360 -1 -1 -1 -1000 -1000 -1000 -10
NotCar -1 -1 -10 488 312 544 360 -1 -1 -1 -1000 -1000 -1000 -10
NotCar -1 -1 -10 496 312 552 360 -1 -1 -1 -1000 -1000 -1000 -10
NotCar -1 -1 -10 504 312 560 360 -1 -1 -1 -1000 -1000 -1000 -10
NotCar -1 -1 -10 96 320 152 368 -1 -1 -1 -1000 -1000 -1000 -10
NotCar -1 -1 -10 456 320 512 368 -1 -1 -1 -1000 -1000 -1000 -10
NotCar -1 -1 -10 632 320 688 368 -1 -1 -1 -1000 -1000 -1000 -10
NotCar -1 -1 -10 269 18 332 72 -1 -1 -1 -1000 -1000 -1000 -10
NotCar -1 -1 -10 466 18 529 72 -1 -1 -1 -1000 -1000 -1000 -10
NotCar -1 -1 -10 269 27 332 81 -1 -1 -1 -1000 -1000 -1000 -10
NotCar -1 -1 -10 278 27 341 81 -1 -1 -1 -1000 -1000 -1000 -10
NotCar -1 -1 -10 466 27 529 81 -1 -1 -1 -1000 -1000 -1000 -10
NotCar -1 -1 -10 1084 27 1147 81 -1 -1 -1 -1000 -1000 -1000 -10
NotCar -1 -1 -10 1093 27 1156 81 -1 -1 -1 -1000 -1000 -1000 -10
NotCar -1 -1 -10 18 36 81 90 -1 -1 -1 -1000 -1000 -1000 -10
NotCar -1 -1 -10 269 36 332 90 -1 -1 -1 -1000 -1000 -1000 -10
NotCar -1 -1 -10 278 36 341 90 -1 -1 -1 -1000 -1000 -1000 -10
NotCar -1 -1 -10 466 36 529 90 -1 -1 -1 -1000 -1000 -1000 -10
NotCar -1 -1 -10 538 36 601 90 -1 -1 -1 -1000 -1000 -1000 -10
NotCar -1 -1 -10 475 45 538 99 -1 -1 -1 -1000 -1000 -1000 -10
NotCar -1 -1 -10 63 54 126 108 -1 -1 -1 -1000 -1000 -1000 -10
NotCar -1 -1 -10 72 54 135 108 -1 -1 -1 -1000 -1000 -1000 -10
NotCar -1 -1 -10 81 54 144 108 -1 -1 -1 -1000 -1000 -1000 -10
NotCar -1 -1 -10 305 72 368 126 -1 -1 -1 -1000 -1000 -1000 -10
NotCar -1 -1 -10 323 72 386 126 -1 -1 -1 -1000 -1000 -1000 -10
NotCar -1 -1 -10 332 72 395 126 -1 -1 -1 -1000 -1000 -1000 -10
NotCar -1 -1 -10 950 72 1013 126 -1 -1 -1 -1000 -1000 -1000 -10
NotCar -1 -1 -10 332 81 395 135 -1 -1 -1 -1000 -1000 -1000 -10
NotCar -1 -1 -10 1084 81 1147 135 -1 -1 -1 -1000 -1000 -1000 -10
NotCar -1 -1 -10 1039 90 1102 144 -1 -1 -1 -1000 -1000 -1000 -10
NotCar -1 -1 -10 18 99 81 153 -1 -1 -1 -1000 -1000 -1000 -10
NotCar -1 -1 -10 1039 99 1102 153 -1 -1 -1 -1000 -1000 -1000 -10
NotCar -1 -1 -10 54 134 117 188 -1 -1 -1 -1000 -1000 -1000 -10
NotCar -1 -1 -10 1111 134 1174 188 -1 -1 -1 -1000 -1000 -1000 -10
NotCar -1 -1 -10 72 143 135 197 -1 -1 -1 -1000 -1000 -1000 -10
NotCar -1 -1 -10 206 152 269 206 -1 -1 -1 -1000 -1000 -1000 -10
NotCar -1 -1 -10 224 152 287 206 -1 -1 -1 -1000 -1000 -1000 -10
NotCar -1 -1 -10 1066 152 1129 206 -1 -1 -1 -1000 -1000 -1000 -10
NotCar -1 -1 -10 1129 152 1192 206 -1 -1 -1 -1000 -1000 -1000 -10
NotCar -1 -1 -10 1030 161 1093 215 -1 -1 -1 -1000 -1000 -1000 -10
NotCar -1 -1 -10 529 179 592 233 -1 -1 -1 -1000 -1000 -1000 -10
NotCar -1 -1 -10 538 179 601 233 -1 -1 -1 -1000 -1000 -1000 -10
NotCar -1 -1 -10 269 188 332 242 -1 -1 -1 -1000 -1000 -1000 -10
NotCar -1 -1 -10 376 188 439 242 -1 -1 -1 -1000 -1000 -1000 -10
NotCar -1 -1 -10 457 188 520 242 -1 -1 -1 -1000 -1000 -1000 -10
NotCar -1 -1 -10 466 188 529 242 -1 -1 -1 -1000 -1000 -1000 -10
NotCar -1 -1 -10 529 188 592 242 -1 -1 -1 -1000 -1000 -1000 -10
NotCar -1 -1 -10 538 188 601 242 -1 -1 -1 -1000 -1000 -1000 -10
NotCar -1 -1 -10 547 188 610 242 -1 -1 -1 -1000 -1000 -1000 -10
NotCar -1 -1 -10 1039 188 1102 242 -1 -1 -1 -1000 -1000 -1000 -10
NotCar -1 -1 -10 1048 188 1111 242 -1 -1 -1 -1000 -1000 -1000 -10
NotCar -1 -1 -10 403 197 466 251 -1 -1 -1 -1000 -1000 -1000 -10
NotCar -1 -1 -10 412 197 475 251 -1 -1 -1 -1000 -1000 -1000 -10
NotCar -1 -1 -10 457 197 520 251 -1 -1 -1 -1000 -1000 -1000 -10
NotCar -1 -1 -10 466 197 529 251 -1 -1 -1 -1000 -1000 -1000 -10
NotCar -1 -1 -10 529 197 592 251 -1 -1 -1 -1000 -1000 -1000 -10
NotCar -1 -1 -10 538 197 601 251 -1 -1 -1 -1000 -1000 -1000 -10
NotCar -1 -1 -10 547 197 610 251 -1 -1 -1 -1000 -1000 -1000 -10
NotCar -1 -1 -10 995 197 1058 251 -1 -1 -1 -1000 -1000 -1000 -10
NotCar -1 -1 -10 376 206 439 260 -1 -1 -1 -1000 -1000 -1000 -10
NotCar -1 -1 -10 403 206 466 260 -1 -1 -1 -1000 -1000 -1000 -10
NotCar -1 -1 -10 457 206 520 260 -1 -1 -1 -1000 -1000 -1000 -10
NotCar -1 -1 -10 27 215 90 269 -1 -1 -1 -1000 -1000 -1000 -10
NotCar -1 -1 -10 36 215 99 269 -1 -1 -1 -1000 -1000 -1000 -10
NotCar -1 -1 -10 45 215 108 269 -1 -1 -1 -1000 -1000 -1000 -10
NotCar -1 -1 -10 54 215 117 269 -1 -1 -1 -1000 -1000 -1000 -10
NotCar -1 -1 -10 663 215 726 269 -1 -1 -1 -1000 -1000 -1000 -10
NotCar -1 -1 -10 1111 215 1174 269 -1 -1 -1 -1000 -1000 -1000 -10
NotCar -1 -1 -10 600 224 663 278 -1 -1 -1 -1000 -1000 -1000 -10
NotCar -1 -1 -10 591 233 654 287 -1 -1 -1 -1000 -1000 -1000 -10
NotCar -1 -1 -10 905 233 968 287 -1 -1 -1 -1000 -1000 -1000 -10
NotCar -1 -1 -10 1156 233 1219 287 -1 -1 -1 -1000 -1000 -1000 -10
NotCar -1 -1 -10 511 242 574 296 -1 -1 -1 -1000 -1000 -1000 -10
NotCar -1 -1 -10 547 242 610 296 -1 -1 -1 -1000 -1000 -1000 -10
NotCar -1 -1 -10 726 242 789 296 -1 -1 -1 -1000 -1000 -1000 -10
NotCar -1 -1 -10 206 251 269 305 -1 -1 -1 -1000 -1000 -1000 -10
NotCar -1 -1 -10 511 260 574 314 -1 -1 -1 -1000 -1000 -1000 -10
NotCar -1 -1 -10 538 269 601 323 -1 -1 -1 -1000 -1000 -1000 -10
NotCar -1 -1 -10 538 296 601 350 -1 -1 -1 -1000 -1000 -1000 -10
NotCar -1 -1 -10 493 305 556 359 -1 -1 -1 -1000 -1000 -1000 -10
NotCar -1 -1 -10 493 314 556 368 -1 -1 -1 -1000 -1000 -1000 -10
NotCar -1 -1 -10 502 314 565 368 -1 -1 -1 -1000 -1000 -1000 -10
NotCar -1 -1 -10 582 314 645 368 -1 -1 -1 -1000 -1000 -1000 -10
NotCar -1 -1 -10 627 314 690 368 -1 -1 -1 -1000 -1000 -1000 -10
NotCar -1 -1 -10 271 20 341 80 -1 -1 -1 -1000 -1000 -1000 -10
NotCar -1 -1 -10 351 20 421 80 -1 -1 -1 -1000 -1000 -1000 -10
NotCar -1 -1 -10 1084 20 1154 80 -1 -1 -1 -1000 -1000 -1000 -10
NotCar -1 -1 -10 271 30 341 90 -1 -1 -1 -1000 -1000 -1000 -10
NotCar -1 -1 -10 462 30 532 90 -1 -1 -1 -1000 -1000 -1000 -10
NotCar -1 -1 -10 522 30 592 90 -1 -1 -1 -1000 -1000 -1000 -10
NotCar -1 -1 -10 532 30 602 90 -1 -1 -1 -1000 -1000 -1000 -10
NotCar -1 -1 -10 652 30 722 90 -1 -1 -1 -1000 -1000 -1000 -10
NotCar -1 -1 -10 1084 30 1154 90 -1 -1 -1 -1000 -1000 -1000 -10
NotCar -1 -1 -10 271 40 341 100 -1 -1 -1 -1000 -1000 -1000 -10
NotCar -1 -1 -10 462 40 532 100 -1 -1 -1 -1000 -1000 -1000 -10
NotCar -1 -1 -10 472 40 542 100 -1 -1 -1 -1000 -1000 -1000 -10
NotCar -1 -1 -10 532 40 602 100 -1 -1 -1 -1000 -1000 -1000 -10
NotCar -1 -1 -10 50 50 120 110 -1 -1 -1 -1000 -1000 -1000 -10
NotCar -1 -1 -10 301 60 371 120 -1 -1 -1 -1000 -1000 -1000 -10
NotCar -1 -1 -10 291 70 361 130 -1 -1 -1 -1000 -1000 -1000 -10
NotCar -1 -1 -10 301 70 371 130 -1 -1 -1 -1000 -1000 -1000 -10
NotCar -1 -1 -10 311 70 381 130 -1 -1 -1 -1000 -1000 -1000 -10
NotCar -1 -1 -10 321 70 391 130 -1 -1 -1 -1000 -1000 -1000 -10
NotCar -1 -1 -10 331 70 401 130 -1 -1 -1 -1000 -1000 -1000 -10
NotCar -1 -1 -10 1034 80 1104 140 -1 -1 -1 -1000 -1000 -1000 -10
NotCar -1 -1 -10 1044 80 1114 140 -1 -1 -1 -1000 -1000 -1000 -10
NotCar -1 -1 -10 1074 80 1144 140 -1 -1 -1 -1000 -1000 -1000 -10
NotCar -1 -1 -10 1084 80 1154 140 -1 -1 -1 -1000 -1000 -1000 -10
NotCar -1 -1 -10 1034 90 1104 150 -1 -1 -1 -1000 -1000 -1000 -10
NotCar -1 -1 -10 853 100 923 160 -1 -1 -1 -1000 -1000 -1000 -10
NotCar -1 -1 -10 221 110 291 170 -1 -1 -1 -1000 -1000 -1000 -10
NotCar -1 -1 -10 853 110 923 170 -1 -1 -1 -1000 -1000 -1000 -10
NotCar -1 -1 -10 863 110 933 170 -1 -1 -1 -1000 -1000 -1000 -10
NotCar -1 -1 -10 1074 110 1144 170 -1 -1 -1 -1000 -1000 -1000 -10
NotCar -1 -1 -10 1094 120 1164 180 -1 -1 -1 -1000 -1000 -1000 -10
NotCar -1 -1 -10 1104 130 1174 190 -1 -1 -1 -1000 -1000 -1000 -10
NotCar -1 -1 -10 1074 140 1144 200 -1 -1 -1 -1000 -1000 -1000 -10
NotCar -1 -1 -10 221 151 291 211 -1 -1 -1 -1000 -1000 -1000 -10
NotCar -1 -1 -10 1064 151 1134 211 -1 -1 -1 -1000 -1000 -1000 -10
NotCar -1 -1 -10 1074 151 1144 211 -1 -1 -1 -1000 -1000 -1000 -10
NotCar -1 -1 -10 211 161 281 221 -1 -1 -1 -1000 -1000 -1000 -10
NotCar -1 -1 -10 0 171 70 231 -1 -1 -1 -1000 -1000 -1000 -10
NotCar -1 -1 -10 231 171 301 231 -1 -1 -1 -1000 -1000 -1000 -10
NotCar -1 -1 -10 401 181 471 241 -1 -1 -1 -1000 -1000 -1000 -10
NotCar -1 -1 -10 532 181 602 241 -1 -1 -1 -1000 -1000 -1000 -10
NotCar -1 -1 -10 331 191 401 251 -1 -1 -1 -1000 -1000 -1000 -10
NotCar -1 -1 -10 401 191 471 251 -1 -1 -1 -1000 -1000 -1000 -10
NotCar -1 -1 -10 452 191 522 251 -1 -1 -1 -1000 -1000 -1000 -10
NotCar -1 -1 -10 462 191 532 251 -1 -1 -1 -1000 -1000 -1000 -10
NotCar -1 -1 -10 522 191 592 251 -1 -1 -1 -1000 -1000 -1000 -10
NotCar -1 -1 -10 532 191 602 251 -1 -1 -1 -1000 -1000 -1000 -10
NotCar -1 -1 -10 391 201 461 261 -1 -1 -1 -1000 -1000 -1000 -10
NotCar -1 -1 -10 401 201 471 261 -1 -1 -1 -1000 -1000 -1000 -10
NotCar -1 -1 -10 452 201 522 261 -1 -1 -1 -1000 -1000 -1000 -10
NotCar -1 -1 -10 1154 201 1224 261 -1 -1 -1 -1000 -1000 -1000 -10
NotCar -1 -1 -10 30 211 100 271 -1 -1 -1 -1000 -1000 -1000 -10
NotCar -1 -1 -10 40 211 110 271 -1 -1 -1 -1000 -1000 -1000 -10
NotCar -1 -1 -10 50 211 120 271 -1 -1 -1 -1000 -1000 -1000 -10
NotCar -1 -1 -10 462 211 532 271 -1 -1 -1 -1000 -1000 -1000 -10
NotCar -1 -1 -10 1144 211 1214 271 -1 -1 -1 -1000 -1000 -1000 -10
NotCar -1 -1 -10 20 221 90 281 -1 -1 -1 -1000 -1000 -1000 -10
NotCar -1 -1 -10 30 221 100 281 -1 -1 -1 -1000 -1000 -1000 -10
NotCar -1 -1 -10 40 221 110 281 -1 -1 -1 -1000 -1000 -1000 -10
NotCar -1 -1 -10 391 231 461 291 -1 -1 -1 -1000 -1000 -1000 -10
NotCar -1 -1 -10 401 231 471 291 -1 -1 -1 -1000 -1000 -1000 -10
NotCar -1 -1 -10 592 231 662 291 -1 -1 -1 -1000 -1000 -1000 -10
NotCar -1 -1 -10 542 241 612 301 -1 -1 -1 -1000 -1000 -1000 -10
NotCar -1 -1 -10 662 241 732 301 -1 -1 -1 -1000 -1000 -1000 -10
NotCar -1 -1 -10 723 241 793 301 -1 -1 -1 -1000 -1000 -1000 -10
NotCar -1 -1 -10 201 251 271 311 -1 -1 -1 -1000 -1000 -1000 -10
NotCar -1 -1 -10 492 301 562 361 -1 -1 -1 -1000 -1000 -1000 -10
NotCar -1 -1 -10 532 301 602 361 -1 -1 -1 -1000 -1000 -1000 -10
NotCar -1 -1 -10 573 0 652 67 -1 -1 -1 -1000 -1000 -1000 -10
NotCar -1 -1 -10 1124 11 1203 78 -1 -1 -1 -1000 -1000 -1000 -10
NotCar -1 -1 -10 270 22 349 89 -1 -1 -1 -1000 -1000 -1000 -10
NotCar -1 -1 -10 472 34 551 101 -1 -1 -1 -1000 -1000 -1000 -10
NotCar -1 -1 -10 899 34 978 101 -1 -1 -1 -1000 -1000 -1000 -10
NotCar -1 -1 -10 944 34 1023 101 -1 -1 -1 -1000 -1000 -1000 -10
NotCar -1 -1 -10 472 45 551 112 -1 -1 -1 -1000 -1000 -1000 -10
NotCar -1 -1 -10 303 67 382 134 -1 -1 -1 -1000 -1000 -1000 -10
NotCar -1 -1 -10 326 67 405 134 -1 -1 -1 -1000 -1000 -1000 -10
NotCar -1 -1 -10 1034 79 1113 146 -1 -1 -1 -1000 -1000 -1000 -10
NotCar -1 -1 -10 1079 79 1158 146 -1 -1 -1 -1000 -1000 -1000 -10
NotCar -1 -1 -10 1079 90 1158 157 -1 -1 -1 -1000 -1000 -1000 -10
NotCar -1 -1 -10 1101 90 1180 157 -1 -1 -1 -1000 -1000 -1000 -10
NotCar -1 -1 -10 450 180 529 247 -1 -1 -1 -1000 -1000 -1000 -10
NotCar -1 -1 -10 517 180 596 247 -1 -1 -1 -1000 -1000 -1000 -10
NotCar -1 -1 -10 528 180 607 247 -1 -1 -1 -1000 -1000 -1000 -10
NotCar -1 -1 -10 450 191 529 258 -1 -1 -1 -1000 -1000 -1000 -10
NotCar -1 -1 -10 528 191 607 258 -1 -1 -1 -1000 -1000 -1000 -10
NotCar -1 -1 -10 697 191 776 258 -1 -1 -1 -1000 -1000 -1000 -10
NotCar -1 -1 -10 45 202 124 269 -1 -1 -1 -1000 -1000 -1000 -10
NotCar -1 -1 -10 450 202 529 269 -1 -1 -1 -1000 -1000 -1000 -10
NotCar -1 -1 -10 461 202 540 269 -1 -1 -1 -1000 -1000 -1000 -10
NotCar -1 -1 -10 528 202 607 269 -1 -1 -1 -1000 -1000 -1000 -10
NotCar -1 -1 -10 584 202 663 269 -1 -1 -1 -1000 -1000 -1000 -10
NotCar -1 -1 -10 1012 202 1091 269 -1 -1 -1 -1000 -1000 -1000 -10
NotCar -1 -1 -10 22 214 101 281 -1 -1 -1 -1000 -1000 -1000 -10
NotCar -1 -1 -10 34 214 113 281 -1 -1 -1 -1000 -1000 -1000 -10
NotCar -1 -1 -10 539 225 618 292 -1 -1 -1 -1000 -1000 -1000 -10
NotCar -1 -1 -10 584 225 663 292 -1 -1 -1 -1000 -1000 -1000 -10
NotCar -1 -1 -10 495 236 574 303 -1 -1 -1 -1000 -1000 -1000 -10
NotCar -1 -1 -10 1135 236 1214 303 -1 -1 -1 -1000 -1000 -1000 -10
NotCar -1 -1 -10 1135 247 1214 314 -1 -1 -1 -1000 -1000 -1000 -10
NotCar -1 -1 -10 528 292 607 359 -1 -1 -1 -1000 -1000 -1000 -10
NotCar -1 -1 -10 579 0 667 76 -1 -1 -1 -1000 -1000 -1000 -10
NotCar -1 -1 -10 957 13 1045 89 -1 -1 -1 -1000 -1000 -1000 -10
NotCar -1 -1 -10 1120 13 1208 89 -1 -1 -1 -1000 -1000 -1000 -10
NotCar -1 -1 -10 252 25 340 101 -1 -1 -1 -1000 -1000 -1000 -10
NotCar -1 -1 -10 277 25 365 101 -1 -1 -1 -1000 -1000 -1000 -10
NotCar -1 -1 -10 516 25 604 101 -1 -1 -1 -1000 -1000 -1000 -10
NotCar -1 -1 -10 629 25 717 101 -1 -1 -1 -1000 -1000 -1000 -10
NotCar -1 -1 -10 944 25 1032 101 -1 -1 -1 -1000 -1000 -1000 -10
NotCar -1 -1 -10 957 25 1045 101 -1 -1 -1 -1000 -1000 -1000 -10
NotCar -1 -1 -10 1020 25 1108 101 -1 -1 -1 -1000 -1000 -1000 -10
NotCar -1 -1 -10 252 38 340 114 -1 -1 -1 -1000 -1000 -1000 -10
NotCar -1 -1 -10 466 38 554 114 -1 -1 -1 -1000 -1000 -1000 -10
NotCar -1 -1 -10 516 38 604 114 -1 -1 -1 -1000 -1000 -1000 -10
NotCar -1 -1 -10 290 63 378 139 -1 -1 -1 -1000 -1000 -1000 -10
NotCar -1 -1 -10 327 63 415 139 -1 -1 -1 -1000 -1000 -1000 -10
NotCar -1 -1 -10 1020 76 1108 152 -1 -1 -1 -1000 -1000 -1000 -10
NotCar -1 -1 -10 1095 76 1183 152 -1 -1 -1 -1000 -1000 -1000 -10
NotCar -1 -1 -10 1057 88 1145 164 -1 -1 -1 -1000 -1000 -1000 -10
NotCar -1 -1 -10 1083 88 1171 164 -1 -1 -1 -1000 -1000 -1000 -10
NotCar -1 -1 -10 1095 88 1183 164 -1 -1 -1 -1000 -1000 -1000 -10
NotCar -1 -1 -10 214 151 302 227 -1 -1 -1 -1000 -1000 -1000 -10
NotCar -1 -1 -10 327 176 415 252 -1 -1 -1 -1000 -1000 -1000 -10
NotCar -1 -1 -10 390 176 478 252 -1 -1 -1 -1000 -1000 -1000 -10
NotCar -1 -1 -10 453 176 541 252 -1 -1 -1 -1000 -1000 -1000 -10
NotCar -1 -1 -10 516 176 604 252 -1 -1 -1 -1000 -1000 -1000 -10
NotCar -1 -1 -10 529 176 617 252 -1 -1 -1 -1000 -1000 -1000 -10
NotCar -1 -1 -10 378 189 466 265 -1 -1 -1 -1000 -1000 -1000 -10
NotCar -1 -1 -10 390 189 478 265 -1 -1 -1 -1000 -1000 -1000 -10
NotCar -1 -1 -10 403 189 491 265 -1 -1 -1 -1000 -1000 -1000 -10
NotCar -1 -1 -10 441 189 529 265 -1 -1 -1 -1000 -1000 -1000 -10
NotCar -1 -1 -10 453 189 541 265 -1 -1 -1 -1000 -1000 -1000 -10
NotCar -1 -1 -10 516 189 604 265 -1 -1 -1 -1000 -1000 -1000 -10
NotCar -1 -1 -10 529 189 617 265 -1 -1 -1 -1000 -1000 -1000 -10
NotCar -1 -1 -10 692 189 780 265 -1 -1 -1 -1000 -1000 -1000 -10
NotCar -1 -1 -10 705 189 793 265 -1 -1 -1 -1000 -1000 -1000 -10
NotCar -1 -1 -10 25 201 113 277 -1 -1 -1 -1000 -1000 -1000 -10
NotCar -1 -1 -10 38 201 126 277 -1 -1 -1 -1000 -1000 -1000 -10
NotCar -1 -1 -10 453 201 541 277 -1 -1 -1 -1000 -1000 -1000 -10
NotCar -1 -1 -10 516 201 604 277 -1 -1 -1 -1000 -1000 -1000 -10
NotCar -1 -1 -10 1133 214 1221 290 -1 -1 -1 -1000 -1000 -1000 -10
NotCar -1 -1 -10 1133 252 1221 328 -1 -1 -1 -1000 -1000 -1000 -10
NotCar -1 -1 -10 478 290 566 366 -1 -1 -1 -1000 -1000 -1000 -10
NotCar -1 -1 -10 529 290 617 366 -1 -1 -1 -1000 -1000 -1000 -10
NotCar -1 -1 -10 566 290 654 366 -1 -1 -1 -1000 -1000 -1000 -10
NotCar -1 -1 -10 508 14 607 99 -1 -1 -1 -1000 -1000 -1000 -10
NotCar -1 -1 -10 945 14 1044 99 -1 -1 -1 -1000 -1000 -1000 -10
NotCar -1 -1 -10 451 28 550 113 -1 -1 -1 -1000 -1000 -1000 -10
NotCar -1 -1 -10 465 28 564 113 -1 -1 -1 -1000 -1000 -1000 -10
NotCar -1 -1 -10 1015 28 1114 113 -1 -1 -1 -1000 -1000 -1000 -10
NotCar -1 -1 -10 959 85 1058 170 -1 -1 -1 -1000 -1000 -1000 -10
NotCar -1 -1 -10 1086 85 1185 170 -1 -1 -1 -1000 -1000 -1000 -10
NotCar -1 -1 -10 183 141 282 226 -1 -1 -1 -1000 -1000 -1000 -10
NotCar -1 -1 -10 197 141 296 226 -1 -1 -1 -1000 -1000 -1000 -10
NotCar -1 -1 -10 211 141 310 226 -1 -1 -1 -1000 -1000 -1000 -10
NotCar -1 -1 -10 522 169 621 254 -1 -1 -1 -1000 -1000 -1000 -10
NotCar -1 -1 -10 381 183 480 268 -1 -1 -1 -1000 -1000 -1000 -10
NotCar -1 -1 -10 395 183 494 268 -1 -1 -1 -1000 -1000 -1000 -10
NotCar -1 -1 -10 437 183 536 268 -1 -1 -1 -1000 -1000 -1000 -10
NotCar -1 -1 -10 451 183 550 268 -1 -1 -1 -1000 -1000 -1000 -10
NotCar -1 -1 -10 522 183 621 268 -1 -1 -1 -1000 -1000 -1000 -10
NotCar -1 -1 -10 536 183 635 268 -1 -1 -1 -1000 -1000 -1000 -10
NotCar -1 -1 -10 1015 183 1114 268 -1 -1 -1 -1000 -1000 -1000 -10
NotCar -1 -1 -10 14 197 113 282 -1 -1 -1 -1000 -1000 -1000 -10
NotCar -1 -1 -10 395 197 494 282 -1 -1 -1 -1000 -1000 -1000 -10
NotCar -1 -1 -10 705 240 804 325 -1 -1 -1 -1000 -1000 -1000 -10
NotCar -1 -1 -10 479 282 578 367 -1 -1 -1 -1000 -1000 -1000 -10
NotCar -1 -1 -10 253 16 364 111 -1 -1 -1 -1000 -1000 -1000 -10
NotCar -1 -1 -10 458 16 569 111 -1 -1 -1 -1000 -1000 -1000 -10
NotCar -1 -1 -10 505 16 616 111 -1 -1 -1 -1000 -1000 -1000 -10
NotCar -1 -1 -10 932 16 1043 111 -1 -1 -1 -1000 -1000 -1000 -10
NotCar -1 -1 -10 947 16 1058 111 -1 -1 -1 -1000 -1000 -1000 -10
NotCar -1 -1 -10 505 32 616 127 -1 -1 -1 -1000 -1000 -1000 -10
NotCar -1 -1 -10 884 32 995 127 -1 -1 -1 -1000 -1000 -1000 -10
NotCar -1 -1 -10 947 32 1058 127 -1 -1 -1 -1000 -1000 -1000 -10
NotCar -1 -1 -10 932 79 1043 174 -1 -1 -1 -1000 -1000 -1000 -10
NotCar -1 -1 -10 947 79 1058 174 -1 -1 -1 -1000 -1000 -1000 -10
NotCar -1 -1 -10 1074 79 1185 174 -1 -1 -1 -1000 -1000 -1000 -10
NotCar -1 -1 -10 1090 79 1201 174 -1 -1 -1 -1000 -1000 -1000 -10
NotCar -1 -1 -10 205 126 316 221 -1 -1 -1 -1000 -1000 -1000 -10
NotCar -1 -1 -10 189 142 300 237 -1 -1 -1 -1000 -1000 -1000 -10
NotCar -1 -1 -10 205 142 316 237 -1 -1 -1 -1000 -1000 -1000 -10
NotCar -1 -1 -10 505 174 616 269 -1 -1 -1 -1000 -1000 -1000 -10
NotCar -1 -1 -10 521 174 632 269 -1 -1 -1 -1000 -1000 -1000 -10
NotCar -1 -1 -10 1011 174 1122 269 -1 -1 -1 -1000 -1000 -1000 -10
NotCar -1 -1 -10 1026 174 1137 269 -1 -1 -1 -1000 -1000 -1000 -10
NotCar -1 -1 -10 521 189 632 284 -1 -1 -1 -1000 -1000 -1000 -10
NotCar -1 -1 -10 537 189 648 284 -1 -1 -1 -1000 -1000 -1000 -10
NotCar -1 -1 -10 695 189 806 284 -1 -1 -1 -1000 -1000 -1000 -10
NotCar -1 -1 -10 379 205 490 300 -1 -1 -1 -1000 -1000 -1000 -10
NotCar -1 -1 -10 521 205 632 300 -1 -1 -1 -1000 -1000 -1000 -10
NotCar -1 -1 -10 442 18 566 124 -1 -1 -1 -1000 -1000 -1000 -10
NotCar -1 -1 -10 495 18 619 124 -1 -1 -1 -1000 -1000 -1000 -10
NotCar -1 -1 -10 513 18 637 124 -1 -1 -1 -1000 -1000 -1000 -10
NotCar -1 -1 -10 1079 71 1203 177 -1 -1 -1 -1000 -1000 -1000 -10
NotCar -1 -1 -10 495 159 619 265 -1 -1 -1 -1000 -1000 -1000 -10
NotCar -1 -1 -10 513 159 637 265 -1 -1 -1 -1000 -1000 -1000 -10
NotCar -1 -1 -10 371 177 495 283 -1 -1 -1 -1000 -1000 -1000 -10
NotCar -1 -1 -10 513 177 637 283 -1 -1 -1 -1000 -1000 -1000 -10
NotCar -1 -1 -10 531 177 655 283 -1 -1 -1 -1000 -1000 -1000 -10
NotCar -1 -1 -10 548 177 672 283 -1 -1 -1 -1000 -1000 -1000 -10
NotCar -1 -1 -10 354 195 478 301 -1 -1 -1 -1000 -1000 -1000 -10
NotCar -1 -1 -10 371 195 495 301 -1 -1 -1 -1000 -1000 -1000 -10
NotCar -1 -1 -10 513 195 637 301 -1 -1 -1 -1000 -1000 -1000 -10
NotCar -1 -1 -10 531 195 655 301 -1 -1 -1 -1000 -1000 -1000 -10
NotCar -1 -1 -10 548 195 672 301 -1 -1 -1 -1000 -1000 -1000 -10
NotCar -1 -1 -10 566 195 690 301 -1 -1 -1 -1000 -1000 -1000 -10
NotCar -1 -1 -10 436 0 575 119 -1 -1 -1 -1000 -1000 -1000 -10
NotCar -1 -1 -10 495 0 634 119 -1 -1 -1 -1000 -1000 -1000 -10
NotCar -1 -1 -10 872 0 1011 119 -1 -1 -1 -1000 -1000 -1000 -10
NotCar -1 -1 -10 990 0 1129 119 -1 -1 -1 -1000 -1000 -1000 -10
NotCar -1 -1 -10 852 20 991 139 -1 -1 -1 -1000 -1000 -1000 -10
NotCar -1 -1 -10 872 20 1011 139 -1 -1 -1 -1000 -1000 -1000 -10
NotCar -1 -1 -10 931 79 1070 198 -1 -1 -1 -1000 -1000 -1000 -10
NotCar -1 -1 -10 792 139 931 258 -1 -1 -1 -1000 -1000 -1000 -10
NotCar -1 -1 -10 416 158 555 277 -1 -1 -1 -1000 -1000 -1000 -10
NotCar -1 -1 -10 515 158 654 277 -1 -1 -1 -1000 -1000 -1000 -10
NotCar -1 -1 -10 535 158 674 277 -1 -1 -1 -1000 -1000 -1000 -10
NotCar -1 -1 -10 357 178 496 297 -1 -1 -1 -1000 -1000 -1000 -10
NotCar -1 -1 -10 396 178 535 297 -1 -1 -1 -1000 -1000 -1000 -10
NotCar -1 -1 -10 416 178 555 297 -1 -1 -1 -1000 -1000 -1000 -10
NotCar -1 -1 -10 495 178 634 297 -1 -1 -1 -1000 -1000 -1000 -10
NotCar -1 -1 -10 515 178 654 297 -1 -1 -1 -1000 -1000 -1000 -10
NotCar -1 -1 -10 535 178 674 297 -1 -1 -1 -1000 -1000 -1000 -10
NotCar -1 -1 -10 634 178 773 297 -1 -1 -1 -1000 -1000 -1000 -10
NotCar -1 -1 -10 673 178 812 297 -1 -1 -1 -1000 -1000 -1000 -10
NotCar -1 -1 -10 357 198 496 317 -1 -1 -1 -1000 -1000 -1000 -10
NotCar -1 -1 -10 495 198 634 317 -1 -1 -1 -1000 -1000 -1000 -10
NotCar -1 -1 -10 535 198 674 317 -1 -1 -1 -1000 -1000 -1000 -10
NotCar -1 -1 -10 634 198 773 317 -1 -1 -1 -1000 -1000 -1000 -10
NotCar -1 -1 -10 422 0 577 133 -1 -1 -1 -1000 -1000 -1000 -10
NotCar -1 -1 -10 1020 67 1175 200 -1 -1 -1 -1000 -1000 -1000 -10
NotCar -1 -1 -10 1043 67 1198 200 -1 -1 -1 -1000 -1000 -1000 -10
NotCar -1 -1 -10 155 111 310 244 -1 -1 -1 -1000 -1000 -1000 -10
NotCar -1 -1 -10 177 111 332 244 -1 -1 -1 -1000 -1000 -1000 -10
NotCar -1 -1 -10 510 155 665 288 -1 -1 -1 -1000 -1000 -1000 -10
NotCar -1 -1 -10 799 155 954 288 -1 -1 -1 -1000 -1000 -1000 -10
NotCar -1 -1 -10 333 177 488 310 -1 -1 -1 -1000 -1000 -1000 -10
NotCar -1 -1 -10 355 177 510 310 -1 -1 -1 -1000 -1000 -1000 -10
NotCar -1 -1 -10 377 177 532 310 -1 -1 -1 -1000 -1000 -1000 -10
NotCar -1 -1 -10 510 177 665 310 -1 -1 -1 -1000 -1000 -1000 -10
NotCar -1 -1 -10 532 177 687 310 -1 -1 -1 -1000 -1000 -1000 -10
NotCar -1 -1 -10 621 177 776 310 -1 -1 -1 -1000 -1000 -1000 -10
NotCar -1 -1 -10 488 200 643 333 -1 -1 -1 -1000 -1000 -1000 -10
NotCar -1 -1 -10 497 124 671 273 -1 -1 -1 -1000 -1000 -1000 -10
NotCar -1 -1 -10 497 149 671 298 -1 -1 -1 -1000 -1000 -1000 -10
NotCar -1 -1 -10 522 149 696 298 -1 -1 -1 -1000 -1000 -1000 -10
NotCar -1 -1 -10 497 174 671 323 -1 -1 -1 -1000 -1000 -1000 -10
NotCar -1 -1 -10 522 174 696 323 -1 -1 -1 -1000 -1000 -1000 -10
NotCar -1 -1 -10 497 199 671 348 -1 -1 -1 -1000 -1000 -1000 -10
NotCar -1 -1 -10 522 199 696 348 -1 -1 -1 -1000 -1000 -1000 -10
NotCar -1 -1 -10 870 199 1044 348 -1 -1 -1 -1000 -1000 -1000 -10
NotCar -1 -1 -10 139 83 334 250 -1 -1 -1 -1000 -1000 -1000 -10
NotCar -1 -1 -10 362 139 557 306 -1 -1 -1 -1000 -1000 -1000 -10
NotCar -1 -1 -10 390 139 585 306 -1 -1 -1 -1000 -1000 -1000 -10
NotCar -1 -1 -10 473 139 668 306 -1 -1 -1 -1000 -1000 -1000 -10
NotCar -1 -1 -10 501 139 696 306 -1 -1 -1 -1000 -1000 -1000 -10
NotCar -1 -1 -10 779 139 974 306 -1 -1 -1 -1000 -1000 -1000 -10
NotCar -1 -1 -10 807 139 1002 306 -1 -1 -1 -1000 -1000 -1000 -10
NotCar -1 -1 -10 473 167 668 334 -1 -1 -1 -1000 -1000 -1000 -10
NotCar -1 -1 -10 501 167 696 334 -1 -1 -1 -1000 -1000 -1000 -10
NotCar -1 -1 -10 835 167 1030 334 -1 -1 -1 -1000 -1000 -1000 -10
NotCar -1 -1 -10 62 62 280 249 -1 -1 -1 -1000 -1000 -1000 -10
NotCar -1 -1 -10 94 62 312 249 -1 -1 -1 -1000 -1000 -1000 -10
NotCar -1 -1 -10 499 94 717 281 -1 -1 -1 -1000 -1000 -1000 -10
NotCar -1 -1 -10 468 125 686 312 -1 -1 -1 -1000 -1000 -1000 -10
NotCar -1 -1 -10 499 125 717 312 -1 -1 -1 -1000 -1000 -1000 -10
NotCar -1 -1 -10 779 125 997 312 -1 -1 -1 -1000 -1000 -1000 -10
NotCar -1 -1 -10 810 125 1028 312 -1 -1 -1 -1000 -1000 -1000 -10
NotCar -1 -1 -10 468 156 686 343 -1 -1 -1 -1000 -1000 -1000 -10
NotCar -1 -1 -10 499 156 717 343 -1 -1 -1 -1000 -1000 -1000 -10
NotCar -1 -1 -10 592 156 810 343 -1 -1 -1 -1000 -1000 -1000 -10
NotCar -1 -1 -10 810 156 1028 343 -1 -1 -1 -1000 -1000 -1000 -10
NotCar -1 -1 -10 842 156 1060 343 -1 -1 -1 -1000 -1000 -1000 -10