NotCar -1 -1 -10 128 8 184 56 -1 -1 -1 -1000 -1000 -1000 -10
NotCar -1 -1 -10 984 40 1040 88 -1 -1 -1 -1000 -1000 -1000 -10
NotCar -1 -1 -10 1056 40 1112 88 -1 -1 -1 -1000 -1000 -1000 -10
NotCar -1 -1 -10 1144 40 1200 88 -1 -1 -1 -1000 -1000 -1000 -10
NotCar -1 -1 -10 1056 48 1112 96 -1 -1 -1 -1000 -1000 -1000 -10
NotCar -1 -1 -10 1144 48 1200 96 -1 -1 -1 -1000 -1000 -1000 -10
NotCar -1 -1 -10 120 72 176 120 -1 -1 -1 -1000 -1000 -1000 -10
NotCar -1 -1 -10 128 72 184 120 -1 -1 -1 -1000 -1000 -1000 -10
NotCar -1 -1 -10 1120 80 1176 128 -1 -1 -1 -1000 -1000 -1000 -10
NotCar -1 -1 -10 120 88 176 136 -1 -1 -1 -1000 -1000 -1000 -10
NotCar -1 -1 -10 200 88 256 136 -1 -1 -1 -1000 -1000 -1000 -10
NotCar -1 -1 -10 208 88 264 136 -1 -1 -1 -1000 -1000 -1000 -10
NotCar -1 -1 -10 216 88 272 136 -1 -1 -1 -1000 -1000 -1000 -10
NotCar -1 -1 -10 1144 88 1200 136 -1 -1 -1 -1000 -1000 -1000 -10
NotCar -1 -1 -10 200 96 256 144 -1 -1 -1 -1000 -1000 -1000 -10
NotCar -1 -1 -10 208 96 264 144 -1 -1 -1 -1000 -1000 -1000 -10
NotCar -1 -1 -10 216 96 272 144 -1 -1 -1 -1000 -1000 -1000 -10
NotCar -1 -1 -10 968 104 1024 152 -1 -1 -1 -1000 -1000 -1000 -10
NotCar -1 -1 -10 1072 104 1128 152 -1 -1 -1 -1000 -1000 -1000 -10
NotCar -1 -1 -10 1080 104 1136 152 -1 -1 -1 -1000 -1000 -1000 -10
NotCar -1 -1 -10 1136 104 1192 152 -1 -1 -1 -1000 -1000 -1000 -10
NotCar -1 -1 -10 1000 120 1056 168 -1 -1 -1 -1000 -1000 -1000 -10
NotCar -1 -1 -10 224 128 280 176 -1 -1 -1 -1000 -1000 -1000 -10
NotCar -1 -1 -10 232 128 288 176 -1 -1 -1 -1000 -1000 -1000 -10
NotCar -1 -1 -10 936 128 992 176 -1 -1 -1 -1000 -1000 -1000 -10
NotCar -1 -1 -10 1144 128 1200 176 -1 -1 -1 -1000 -1000 -1000 -10
NotCar -1 -1 -10 1104 136 1160 184 -1 -1 -1 -1000 -1000 -1000 -10
NotCar -1 -1 -10 720 152 776 200 -1 -1 -1 -1000 -1000 -1000 -10
NotCar -1 -1 -10 728 152 784 200 -1 -1 -1 -1000 -1000 -1000 -10
NotCar -1 -1 -10 744 152 800 200 -1 -1 -1 -1000 -1000 -1000 -10
NotCar -1 -1 -10 1152 152 1208 200 -1 -1 -1 -1000 -1000 -1000 -10
NotCar -1 -1 -10 1160 152 1216 200 -1 -1 -1 -1000 -1000 -1000 -10
NotCar -1 -1 -10 744 160 800 208 -1 -1 -1 -1000 -1000 -1000 -10
NotCar -1 -1 -10 1104 160 1160 208 -1 -1 -1 -1000 -1000 -1000 -10
NotCar -1 -1 -10 1112 160 1168 208 -1 -1 -1 -1000 -1000 -1000 -10
NotCar -1 -1 -10 1120 160 1176 208 -1 -1 -1 -1000 -1000 -1000 -10
NotCar -1 -1 -10 1136 160 1192 208 -1 -1 -1 -1000 -1000 -1000 -10
NotCar -1 -1 -10 112 168 168 216 -1 -1 -1 -1000 -1000 -1000 -10
NotCar -1 -1 -10 696 168 752 216 -1 -1 -1 -1000 -1000 -1000 -10
NotCar -1 -1 -10 712 168 768 216 -1 -1 -1 -1000 -1000 -1000 -10
NotCar -1 -1 -10 728 168 784 216 -1 -1 -1 -1000 -1000 -1000 -10
NotCar -1 -1 -10 736 168 792 216 -1 -1 -1 -1000 -1000 -1000 -10
NotCar -1 -1 -10 744 168 800 216 -1 -1 -1 -1000 -1000 -1000 -10
NotCar -1 -1 -10 776 168 832 216 -1 -1 -1 -1000 -1000 -1000 -10
NotCar -1 -1 -10 1104 168 1160 216 -1 -1 -1 -1000 -1000 -1000 -10
NotCar -1 -1 -10 1112 168 1168 216 -1 -1 -1 -1000 -1000 -1000 -10
NotCar -1 -1 -10 1168 168 1224 216 -1 -1 -1 -1000 -1000 -1000 -10
NotCar -1 -1 -10 592 176 648 224 -1 -1 -1 -1000 -1000 -1000 -10
NotCar -1 -1 -10 696 176 752 224 -1 -1 -1 -1000 -1000 -1000 -10
NotCar -1 -1 -10 736 176 792 224 -1 -1 -1 -1000 -1000 -1000 -10
NotCar -1 -1 -10 776 176 832 224 -1 -1 -1 -1000 -1000 -1000 -10
NotCar -1 -1 -10 8 184 64 232 -1 -1 -1 -1000 -1000 -1000 -10
NotCar -1 -1 -10 200 184 256 232 -1 -1 -1 -1000 -1000 -1000 -10
NotCar -1 -1 -10 1160 184 1216 232 -1 -1 -1 -1000 -1000 -1000 -10
NotCar -1 -1 -10 1168 184 1224 232 -1 -1 -1 -1000 -1000 -1000 -10
NotCar -1 -1 -10 16 192 72 240 -1 -1 -1 -1000 -1000 -1000 -10
NotCar -1 -1 -10 264 200 320 248 -1 -1 -1 -1000 -1000 -1000 -10
NotCar -1 -1 -10 232 208 288 256 -1 -1 -1 -1000 -1000 -1000 -10
NotCar -1 -1 -10 1056 240 1112 288 -1 -1 -1 -1000 -1000 -1000 -10
NotCar -1 -1 -10 824 320 880 368 -1 -1 -1 -1000 -1000 -1000 -10
NotCar -1 -1 -10 986 36 1049 90 -1 -1 -1 -1000 -1000 -1000 -10
NotCar -1 -1 -10 986 45 1049 99 -1 -1 -1 -1000 -1000 -1000 -10
NotCar -1 -1 -10 1057 45 1120 99 -1 -1 -1 -1000 -1000 -1000 -10
NotCar -1 -1 -10 125 63 188 117 -1 -1 -1 -1000 -1000 -1000 -10
NotCar -1 -1 -10 986 63 1049 117 -1 -1 -1 -1000 -1000 -1000 -10
NotCar -1 -1 -10 125 72 188 126 -1 -1 -1 -1000 -1000 -1000 -10
NotCar -1 -1 -10 1138 81 1201 135 -1 -1 -1 -1000 -1000 -1000 -10
NotCar -1 -1 -10 206 90 269 144 -1 -1 -1 -1000 -1000 -1000 -10
NotCar -1 -1 -10 215 90 278 144 -1 -1 -1 -1000 -1000 -1000 -10
NotCar -1 -1 -10 1138 90 1201 144 -1 -1 -1 -1000 -1000 -1000 -10
NotCar -1 -1 -10 206 99 269 153 -1 -1 -1 -1000 -1000 -1000 -10
NotCar -1 -1 -10 215 99 278 153 -1 -1 -1 -1000 -1000 -1000 -10
NotCar -1 -1 -10 968 99 1031 153 -1 -1 -1 -1000 -1000 -1000 -10
NotCar -1 -1 -10 224 125 287 179 -1 -1 -1 -1000 -1000 -1000 -10
NotCar -1 -1 -10 690 152 753 206 -1 -1 -1 -1000 -1000 -1000 -10
NotCar -1 -1 -10 1138 152 1201 206 -1 -1 -1 -1000 -1000 -1000 -10
NotCar -1 -1 -10 1156 152 1219 206 -1 -1 -1 -1000 -1000 -1000 -10
NotCar -1 -1 -10 699 170 762 224 -1 -1 -1 -1000 -1000 -1000 -10
NotCar -1 -1 -10 197 206 260 260 -1 -1 -1 -1000 -1000 -1000 -10
NotCar -1 -1 -10 206 206 269 260 -1 -1 -1 -1000 -1000 -1000 -10
NotCar -1 -1 -10 224 206 287 260 -1 -1 -1 -1000 -1000 -1000 -10
NotCar -1 -1 -10 983 40 1053 100 -1 -1 -1 -1000 -1000 -1000 -10
NotCar -1 -1 -10 1054 40 1124 100 -1 -1 -1 -1000 -1000 -1000 -10
NotCar -1 -1 -10 201 80 271 140 -1 -1 -1 -1000 -1000 -1000 -10
NotCar -1 -1 -10 201 90 271 150 -1 -1 -1 -1000 -1000 -1000 -10
NotCar -1 -1 -10 211 90 281 150 -1 -1 -1 -1000 -1000 -1000 -10
NotCar -1 -1 -10 1084 100 1154 160 -1 -1 -1 -1000 -1000 -1000 -10
NotCar -1 -1 -10 221 130 291 190 -1 -1 -1 -1000 -1000 -1000 -10
NotCar -1 -1 -10 562 130 632 190 -1 -1 -1 -1000 -1000 -1000 -10
NotCar -1 -1 -10 642 140 712 200 -1 -1 -1 -1000 -1000 -1000 -10
NotCar -1 -1 -10 652 140 722 200 -1 -1 -1 -1000 -1000 -1000 -10
NotCar -1 -1 -10 1154 140 1224 200 -1 -1 -1 -1000 -1000 -1000 -10
NotCar -1 -1 -10 733 151 803 211 -1 -1 -1 -1000 -1000 -1000 -10
NotCar -1 -1 -10 1114 151 1184 211 -1 -1 -1 -1000 -1000 -1000 -10
NotCar -1 -1 -10 1124 151 1194 211 -1 -1 -1 -1000 -1000 -1000 -10
NotCar -1 -1 -10 733 161 803 221 -1 -1 -1 -1000 -1000 -1000 -10
NotCar -1 -1 -10 191 201 261 261 -1 -1 -1 -1000 -1000 -1000 -10
NotCar -1 -1 -10 723 211 793 271 -1 -1 -1 -1000 -1000 -1000 -10
NotCar -1 -1 -10 0 251 70 311 -1 -1 -1 -1000 -1000 -1000 -10
NotCar -1 -1 -10 157 45 236 112 -1 -1 -1 -1000 -1000 -1000 -10
NotCar -1 -1 -10 191 79 270 146 -1 -1 -1 -1000 -1000 -1000 -10
NotCar -1 -1 -10 191 90 270 157 -1 -1 -1 -1000 -1000 -1000 -10
NotCar -1 -1 -10 202 90 281 157 -1 -1 -1 -1000 -1000 -1000 -10
NotCar -1 -1 -10 214 90 293 157 -1 -1 -1 -1000 -1000 -1000 -10
NotCar -1 -1 -10 1135 90 1214 157 -1 -1 -1 -1000 -1000 -1000 -10
NotCar -1 -1 -10 382 112 461 179 -1 -1 -1 -1000 -1000 -1000 -10
NotCar -1 -1 -10 214 124 293 191 -1 -1 -1 -1000 -1000 -1000 -10
NotCar -1 -1 -10 641 135 720 202 -1 -1 -1 -1000 -1000 -1000 -10
NotCar -1 -1 -10 641 146 720 213 -1 -1 -1 -1000 -1000 -1000 -10
NotCar -1 -1 -10 652 146 731 213 -1 -1 -1 -1000 -1000 -1000 -10
NotCar -1 -1 -10 731 146 810 213 -1 -1 -1 -1000 -1000 -1000 -10
NotCar -1 -1 -10 1124 146 1203 213 -1 -1 -1 -1000 -1000 -1000 -10
NotCar -1 -1 -10 697 157 776 224 -1 -1 -1 -1000 -1000 -1000 -10
NotCar -1 -1 -10 708 157 787 224 -1 -1 -1 -1000 -1000 -1000 -10
NotCar -1 -1 -10 719 157 798 224 -1 -1 -1 -1000 -1000 -1000 -10
NotCar -1 -1 -10 201 76 289 152 -1 -1 -1 -1000 -1000 -1000 -10
NotCar -1 -1 -10 201 88 289 164 -1 -1 -1 -1000 -1000 -1000 -10
NotCar -1 -1 -10 982 101 1070 177 -1 -1 -1 -1000 -1000 -1000 -10
NotCar -1 -1 -10 478 113 566 189 -1 -1 -1 -1000 -1000 -1000 -10
NotCar -1 -1 -10 629 138 717 214 -1 -1 -1 -1000 -1000 -1000 -10
NotCar -1 -1 -10 127 28 226 113 -1 -1 -1 -1000 -1000 -1000 -10
NotCar -1 -1 -10 141 28 240 113 -1 -1 -1 -1000 -1000 -1000 -10
NotCar -1 -1 -10 987 28 1086 113 -1 -1 -1 -1000 -1000 -1000 -10
NotCar -1 -1 -10 127 42 226 127 -1 -1 -1 -1000 -1000 -1000 -10
NotCar -1 -1 -10 634 127 733 212 -1 -1 -1 -1000 -1000 -1000 -10
NotCar -1 -1 -10 705 197 804 282 -1 -1 -1 -1000 -1000 -1000 -10
NotCar -1 -1 -10 126 32 237 127 -1 -1 -1 -1000 -1000 -1000 -10
NotCar -1 -1 -10 189 63 300 158 -1 -1 -1 -1000 -1000 -1000 -10
NotCar -1 -1 -10 174 79 285 174 -1 -1 -1 -1000 -1000 -1000 -10
NotCar -1 -1 -10 189 79 300 174 -1 -1 -1 -1000 -1000 -1000 -10
NotCar -1 -1 -10 632 126 743 221 -1 -1 -1 -1000 -1000 -1000 -10
NotCar -1 -1 -10 600 205 711 300 -1 -1 -1 -1000 -1000 -1000 -10
NotCar -1 -1 -10 124 18 248 124 -1 -1 -1 -1000 -1000 -1000 -10
NotCar -1 -1 -10 690 124 814 230 -1 -1 -1 -1000 -1000 -1000 -10
NotCar -1 -1 -10 690 177 814 283 -1 -1 -1 -1000 -1000 -1000 -10
NotCar -1 -1 -10 707 177 831 283 -1 -1 -1 -1000 -1000 -1000 -10
NotCar -1 -1 -10 119 0 258 119 -1 -1 -1 -1000 -1000 -1000 -10
NotCar -1 -1 -10 693 59 832 178 -1 -1 -1 -1000 -1000 -1000 -10
NotCar -1 -1 -10 693 79 832 198 -1 -1 -1 -1000 -1000 -1000 -10
NotCar -1 -1 -10 614 238 753 357 -1 -1 -1 -1000 -1000 -1000 -10
NotCar -1 -1 -10 89 0 244 133 -1 -1 -1 -1000 -1000 -1000 -10
NotCar -1 -1 -10 688 67 843 200 -1 -1 -1 -1000 -1000 -1000 -10
NotCar -1 -1 -10 671 50 845 199 -1 -1 -1 -1000 -1000 -1000 -10
NotCar -1 -1 -10 671 75 845 224 -1 -1 -1 -1000 -1000 -1000 -10
NotCar -1 -1 -10 612 56 807 223 -1 -1 -1 -1000 -1000 -1000 -10
NotCar -1 -1 -10 640 56 835 223 -1 -1 -1 -1000 -1000 -1000 -10
NotCar -1 -1 -10 696 139 891 306 -1 -1 -1 -1000 -1000 -1000 -10
NotCar -1 -1 -10 946 139 1141 306 -1 -1 -1 -1000 -1000 -1000 -10
NotCar -1 -1 -10 623 31 841 218 -1 -1 -1 -1000 -1000 -1000 -10