NotCar -1 -1 -10 1136 24 1192 72 -1 -1 -1 -1000 -1000 -1000 -10
NotCar -1 -1 -10 584 40 640 88 -1 -1 -1 -1000 -1000 -1000 -10
NotCar -1 -1 -10 592 40 648 88 -1 -1 -1 -1000 -1000 -1000 -10
NotCar -1 -1 -10 600 40 656 88 -1 -1 -1 -1000 -1000 -1000 -10
NotCar -1 -1 -10 1064 40 1120 88 -1 -1 -1 -1000 -1000 -1000 -10
NotCar -1 -1 -10 584 48 640 96 -1 -1 -1 -1000 -1000 -1000 -10
NotCar -1 -1 -10 592 48 648 96 -1 -1 -1 -1000 -1000 -1000 -10
NotCar -1 -1 -10 600 48 656 96 -1 -1 -1 -1000 -1000 -1000 -10
NotCar -1 -1 -10 624 48 680 96 -1 -1 -1 -1000 -1000 -1000 -10
NotCar -1 -1 -10 632 48 688 96 -1 -1 -1 -1000 -1000 -1000 -10
NotCar -1 -1 -10 1120 56 1176 104 -1 -1 -1 -1000 -1000 -1000 -10
NotCar -1 -1 -10 1152 64 1208 112 -1 -1 -1 -1000 -1000 -1000 -10
NotCar -1 -1 -10 1088 80 1144 128 -1 -1 -1 -1000 -1000 -1000 -10
NotCar -1 -1 -10 1096 80 1152 128 -1 -1 -1 -1000 -1000 -1000 -10
NotCar -1 -1 -10 1152 80 1208 128 -1 -1 -1 -1000 -1000 -1000 -10
NotCar -1 -1 -10 56 104 112 152 -1 -1 -1 -1000 -1000 -1000 -10
NotCar -1 -1 -10 16 120 72 168 -1 -1 -1 -1000 -1000 -1000 -10
NotCar -1 -1 -10 48 120 104 168 -1 -1 -1 -1000 -1000 -1000 -10
NotCar -1 -1 -10 56 128 112 176 -1 -1 -1 -1000 -1000 -1000 -10
NotCar -1 -1 -10 688 128 744 176 -1 -1 -1 -1000 -1000 -1000 -10
NotCar -1 -1 -10 696 128 752 176 -1 -1 -1 -1000 -1000 -1000 -10
NotCar -1 -1 -10 120 136 176 184 -1 -1 -1 -1000 -1000 -1000 -10
NotCar -1 -1 -10 88 144 144 192 -1 -1 -1 -1000 -1000 -1000 -10
NotCar -1 -1 -10 672 152 728 200 -1 -1 -1 -1000 -1000 -1000 -10
NotCar -1 -1 -10 744 152 800 200 -1 -1 -1 -1000 -1000 -1000 -10
NotCar -1 -1 -10 1144 160 1200 208 -1 -1 -1 -1000 -1000 -1000 -10
NotCar -1 -1 -10 88 168 144 216 -1 -1 -1 -1000 -1000 -1000 -10
NotCar -1 -1 -10 136 168 192 216 -1 -1 -1 -1000 -1000 -1000 -10
NotCar -1 -1 -10 336 168 392 216 -1 -1 -1 -1000 -1000 -1000 -10
NotCar -1 -1 -10 1136 176 1192 224 -1 -1 -1 -1000 -1000 -1000 -10
NotCar -1 -1 -10 64 184 120 232 -1 -1 -1 -1000 -1000 -1000 -10
NotCar -1 -1 -10 256 184 312 232 -1 -1 -1 -1000 -1000 -1000 -10
NotCar -1 -1 -10 144 200 200 248 -1 -1 -1 -1000 -1000 -1000 -10
NotCar -1 -1 -10 952 200 1008 248 -1 -1 -1 -1000 -1000 -1000 -10
NotCar -1 -1 -10 1048 200 1104 248 -1 -1 -1 -1000 -1000 -1000 -10
NotCar -1 -1 -10 1144 208 1200 256 -1 -1 -1 -1000 -1000 -1000 -10
NotCar -1 -1 -10 1016 216 1072 264 -1 -1 -1 -1000 -1000 -1000 -10
NotCar -1 -1 -10 493 0 556 54 -1 -1 -1 -1000 -1000 -1000 -10
NotCar -1 -1 -10 502 0 565 54 -1 -1 -1 -1000 -1000 -1000 -10
NotCar -1 -1 -10 735 27 798 81 -1 -1 -1 -1000 -1000 -1000 -10
NotCar -1 -1 -10 591 45 654 99 -1 -1 -1 -1000 -1000 -1000 -10
NotCar -1 -1 -10 627 45 690 99 -1 -1 -1 -1000 -1000 -1000 -10
NotCar -1 -1 -10 1120 54 1183 108 -1 -1 -1 -1000 -1000 -1000 -10
NotCar -1 -1 -10 1129 54 1192 108 -1 -1 -1 -1000 -1000 -1000 -10
NotCar -1 -1 -10 1102 81 1165 135 -1 -1 -1 -1000 -1000 -1000 -10
NotCar -1 -1 -10 188 99 251 153 -1 -1 -1 -1000 -1000 -1000 -10
NotCar -1 -1 -10 188 108 251 162 -1 -1 -1 -1000 -1000 -1000 -10
NotCar -1 -1 -10 9 116 72 170 -1 -1 -1 -1000 -1000 -1000 -10
NotCar -1 -1 -10 18 116 81 170 -1 -1 -1 -1000 -1000 -1000 -10
NotCar -1 -1 -10 690 116 753 170 -1 -1 -1 -1000 -1000 -1000 -10
NotCar -1 -1 -10 699 116 762 170 -1 -1 -1 -1000 -1000 -1000 -10
NotCar -1 -1 -10 914 116 977 170 -1 -1 -1 -1000 -1000 -1000 -10
NotCar -1 -1 -10 690 125 753 179 -1 -1 -1 -1000 -1000 -1000 -10
NotCar -1 -1 -10 699 125 762 179 -1 -1 -1 -1000 -1000 -1000 -10
NotCar -1 -1 -10 108 134 171 188 -1 -1 -1 -1000 -1000 -1000 -10
NotCar -1 -1 -10 439 134 502 188 -1 -1 -1 -1000 -1000 -1000 -10
NotCar -1 -1 -10 134 152 197 206 -1 -1 -1 -1000 -1000 -1000 -10
NotCar -1 -1 -10 1138 161 1201 215 -1 -1 -1 -1000 -1000 -1000 -10
NotCar -1 -1 -10 63 179 126 233 -1 -1 -1 -1000 -1000 -1000 -10
NotCar -1 -1 -10 896 188 959 242 -1 -1 -1 -1000 -1000 -1000 -10
NotCar -1 -1 -10 1138 206 1201 260 -1 -1 -1 -1000 -1000 -1000 -10
NotCar -1 -1 -10 482 0 552 60 -1 -1 -1 -1000 -1000 -1000 -10
NotCar -1 -1 -10 492 0 562 60 -1 -1 -1 -1000 -1000 -1000 -10
NotCar -1 -1 -10 502 0 572 60 -1 -1 -1 -1000 -1000 -1000 -10
NotCar -1 -1 -10 733 20 803 80 -1 -1 -1 -1000 -1000 -1000 -10
NotCar -1 -1 -10 1074 30 1144 90 -1 -1 -1 -1000 -1000 -1000 -10
NotCar -1 -1 -10 582 40 652 100 -1 -1 -1 -1000 -1000 -1000 -10
NotCar -1 -1 -10 592 40 662 100 -1 -1 -1 -1000 -1000 -1000 -10
NotCar -1 -1 -10 20 50 90 110 -1 -1 -1 -1000 -1000 -1000 -10
NotCar -1 -1 -10 30 50 100 110 -1 -1 -1 -1000 -1000 -1000 -10
NotCar -1 -1 -10 1124 50 1194 110 -1 -1 -1 -1000 -1000 -1000 -10
NotCar -1 -1 -10 40 60 110 120 -1 -1 -1 -1000 -1000 -1000 -10
NotCar -1 -1 -10 712 60 782 120 -1 -1 -1 -1000 -1000 -1000 -10
NotCar -1 -1 -10 702 70 772 130 -1 -1 -1 -1000 -1000 -1000 -10
NotCar -1 -1 -10 712 70 782 130 -1 -1 -1 -1000 -1000 -1000 -10
NotCar -1 -1 -10 1094 80 1164 140 -1 -1 -1 -1000 -1000 -1000 -10
NotCar -1 -1 -10 682 120 752 180 -1 -1 -1 -1000 -1000 -1000 -10
NotCar -1 -1 -10 411 140 481 200 -1 -1 -1 -1000 -1000 -1000 -10
NotCar -1 -1 -10 60 171 130 231 -1 -1 -1 -1000 -1000 -1000 -10
NotCar -1 -1 -10 201 171 271 231 -1 -1 -1 -1000 -1000 -1000 -10
NotCar -1 -1 -10 1068 22 1147 89 -1 -1 -1 -1000 -1000 -1000 -10
NotCar -1 -1 -10 584 34 663 101 -1 -1 -1 -1000 -1000 -1000 -10
NotCar -1 -1 -10 629 34 708 101 -1 -1 -1 -1000 -1000 -1000 -10
NotCar -1 -1 -10 719 34 798 101 -1 -1 -1 -1000 -1000 -1000 -10
NotCar -1 -1 -10 719 45 798 112 -1 -1 -1 -1000 -1000 -1000 -10
NotCar -1 -1 -10 34 56 113 123 -1 -1 -1 -1000 -1000 -1000 -10
NotCar -1 -1 -10 405 135 484 202 -1 -1 -1 -1000 -1000 -1000 -10
NotCar -1 -1 -10 592 25 680 101 -1 -1 -1 -1000 -1000 -1000 -10
NotCar -1 -1 -10 718 38 806 114 -1 -1 -1 -1000 -1000 -1000 -10
NotCar -1 -1 -10 705 50 793 126 -1 -1 -1 -1000 -1000 -1000 -10
NotCar -1 -1 -10 718 50 806 126 -1 -1 -1 -1000 -1000 -1000 -10
NotCar -1 -1 -10 692 63 780 139 -1 -1 -1 -1000 -1000 -1000 -10
NotCar -1 -1 -10 327 126 415 202 -1 -1 -1 -1000 -1000 -1000 -10
NotCar -1 -1 -10 667 126 755 202 -1 -1 -1 -1000 -1000 -1000 -10
NotCar -1 -1 -10 705 28 804 113 -1 -1 -1 -1000 -1000 -1000 -10
NotCar -1 -1 -10 719 28 818 113 -1 -1 -1 -1000 -1000 -1000 -10
NotCar -1 -1 -10 705 42 804 127 -1 -1 -1 -1000 -1000 -1000 -10
NotCar -1 -1 -10 695 47 806 142 -1 -1 -1 -1000 -1000 -1000 -10
NotCar -1 -1 -10 32 79 143 174 -1 -1 -1 -1000 -1000 -1000 -10
NotCar -1 -1 -10 47 79 158 174 -1 -1 -1 -1000 -1000 -1000 -10
NotCar -1 -1 -10 647 95 758 190 -1 -1 -1 -1000 -1000 -1000 -10
NotCar -1 -1 -10 0 142 111 237 -1 -1 -1 -1000 -1000 -1000 -10
NotCar -1 -1 -10 16 142 127 237 -1 -1 -1 -1000 -1000 -1000 -10
NotCar -1 -1 -10 601 0 725 106 -1 -1 -1 -1000 -1000 -1000 -10
NotCar -1 -1 -10 690 35 814 141 -1 -1 -1 -1000 -1000 -1000 -10
NotCar -1 -1 -10 637 88 761 194 -1 -1 -1 -1000 -1000 -1000 -10
NotCar -1 -1 -10 396 79 535 198 -1 -1 -1 -1000 -1000 -1000 -10
NotCar -1 -1 -10 0 119 139 238 -1 -1 -1 -1000 -1000 -1000 -10
NotCar -1 -1 -10 0 44 155 177 -1 -1 -1 -1000 -1000 -1000 -10
NotCar -1 -1 -10 0 67 155 200 -1 -1 -1 -1000 -1000 -1000 -10
NotCar -1 -1 -10 83 28 278 195 -1 -1 -1 -1000 -1000 -1000 -10