NotCar -1 -1 -10 1104 64 1160 112 -1 -1 -1 -1000 -1000 -1000 -10
NotCar -1 -1 -10 1136 96 1192 144 -1 -1 -1 -1000 -1000 -1000 -10
NotCar -1 -1 -10 1144 96 1200 144 -1 -1 -1 -1000 -1000 -1000 -10
NotCar -1 -1 -10 16 128 72 176 -1 -1 -1 -1000 -1000 -1000 -10
NotCar -1 -1 -10 624 144 680 192 -1 -1 -1 -1000 -1000 -1000 -10
NotCar -1 -1 -10 0 152 56 200 -1 -1 -1 -1000 -1000 -1000 -10
NotCar -1 -1 -10 8 152 64 200 -1 -1 -1 -1000 -1000 -1000 -10
NotCar -1 -1 -10 16 152 72 200 -1 -1 -1 -1000 -1000 -1000 -10
NotCar -1 -1 -10 624 168 680 216 -1 -1 -1 -1000 -1000 -1000 -10
NotCar -1 -1 -10 976 168 1032 216 -1 -1 -1 -1000 -1000 -1000 -10
NotCar -1 -1 -10 616 176 672 224 -1 -1 -1 -1000 -1000 -1000 -10
NotCar -1 -1 -10 624 176 680 224 -1 -1 -1 -1000 -1000 -1000 -10
NotCar -1 -1 -10 632 176 688 224 -1 -1 -1 -1000 -1000 -1000 -10
NotCar -1 -1 -10 640 176 696 224 -1 -1 -1 -1000 -1000 -1000 -10
NotCar -1 -1 -10 648 176 704 224 -1 -1 -1 -1000 -1000 -1000 -10
NotCar -1 -1 -10 656 176 712 224 -1 -1 -1 -1000 -1000 -1000 -10
NotCar -1 -1 -10 664 176 720 224 -1 -1 -1 -1000 -1000 -1000 -10
NotCar -1 -1 -10 1112 176 1168 224 -1 -1 -1 -1000 -1000 -1000 -10
NotCar -1 -1 -10 1120 176 1176 224 -1 -1 -1 -1000 -1000 -1000 -10
NotCar -1 -1 -10 656 184 712 232 -1 -1 -1 -1000 -1000 -1000 -10
NotCar -1 -1 -10 1120 184 1176 232 -1 -1 -1 -1000 -1000 -1000 -10
NotCar -1 -1 -10 624 192 680 240 -1 -1 -1 -1000 -1000 -1000 -10
NotCar -1 -1 -10 632 192 688 240 -1 -1 -1 -1000 -1000 -1000 -10
NotCar -1 -1 -10 632 200 688 248 -1 -1 -1 -1000 -1000 -1000 -10
NotCar -1 -1 -10 1120 200 1176 248 -1 -1 -1 -1000 -1000 -1000 -10
NotCar -1 -1 -10 632 208 688 256 -1 -1 -1 -1000 -1000 -1000 -10
NotCar -1 -1 -10 656 208 712 256 -1 -1 -1 -1000 -1000 -1000 -10
NotCar -1 -1 -10 1120 208 1176 256 -1 -1 -1 -1000 -1000 -1000 -10
NotCar -1 -1 -10 632 216 688 264 -1 -1 -1 -1000 -1000 -1000 -10
NotCar -1 -1 -10 648 216 704 264 -1 -1 -1 -1000 -1000 -1000 -10
NotCar -1 -1 -10 656 216 712 264 -1 -1 -1 -1000 -1000 -1000 -10
NotCar -1 -1 -10 664 216 720 264 -1 -1 -1 -1000 -1000 -1000 -10
NotCar -1 -1 -10 1120 232 1176 280 -1 -1 -1 -1000 -1000 -1000 -10
NotCar -1 -1 -10 680 248 736 296 -1 -1 -1 -1000 -1000 -1000 -10
NotCar -1 -1 -10 40 264 96 312 -1 -1 -1 -1000 -1000 -1000 -10
NotCar -1 -1 -10 48 264 104 312 -1 -1 -1 -1000 -1000 -1000 -10
NotCar -1 -1 -10 832 280 888 328 -1 -1 -1 -1000 -1000 -1000 -10
NotCar -1 -1 -10 88 288 144 336 -1 -1 -1 -1000 -1000 -1000 -10
NotCar -1 -1 -10 88 296 144 344 -1 -1 -1 -1000 -1000 -1000 -10
NotCar -1 -1 -10 96 304 152 352 -1 -1 -1 -1000 -1000 -1000 -10
NotCar -1 -1 -10 104 304 160 352 -1 -1 -1 -1000 -1000 -1000 -10
NotCar -1 -1 -10 1093 27 1156 81 -1 -1 -1 -1000 -1000 -1000 -10
NotCar -1 -1 -10 1093 63 1156 117 -1 -1 -1 -1000 -1000 -1000 -10
NotCar -1 -1 -10 600 81 663 135 -1 -1 -1 -1000 -1000 -1000 -10
NotCar -1 -1 -10 600 90 663 144 -1 -1 -1 -1000 -1000 -1000 -10
NotCar -1 -1 -10 968 161 1031 215 -1 -1 -1 -1000 -1000 -1000 -10
NotCar -1 -1 -10 977 161 1040 215 -1 -1 -1 -1000 -1000 -1000 -10
NotCar -1 -1 -10 609 170 672 224 -1 -1 -1 -1000 -1000 -1000 -10
NotCar -1 -1 -10 618 170 681 224 -1 -1 -1 -1000 -1000 -1000 -10
NotCar -1 -1 -10 627 170 690 224 -1 -1 -1 -1000 -1000 -1000 -10
NotCar -1 -1 -10 636 170 699 224 -1 -1 -1 -1000 -1000 -1000 -10
NotCar -1 -1 -10 645 170 708 224 -1 -1 -1 -1000 -1000 -1000 -10
NotCar -1 -1 -10 654 170 717 224 -1 -1 -1 -1000 -1000 -1000 -10
NotCar -1 -1 -10 968 170 1031 224 -1 -1 -1 -1000 -1000 -1000 -10
NotCar -1 -1 -10 977 170 1040 224 -1 -1 -1 -1000 -1000 -1000 -10
NotCar -1 -1 -10 260 179 323 233 -1 -1 -1 -1000 -1000 -1000 -10
NotCar -1 -1 -10 618 179 681 233 -1 -1 -1 -1000 -1000 -1000 -10
NotCar -1 -1 -10 627 179 690 233 -1 -1 -1 -1000 -1000 -1000 -10
NotCar -1 -1 -10 645 179 708 233 -1 -1 -1 -1000 -1000 -1000 -10
NotCar -1 -1 -10 654 179 717 233 -1 -1 -1 -1000 -1000 -1000 -10
NotCar -1 -1 -10 806 179 869 233 -1 -1 -1 -1000 -1000 -1000 -10
NotCar -1 -1 -10 627 197 690 251 -1 -1 -1 -1000 -1000 -1000 -10
NotCar -1 -1 -10 654 197 717 251 -1 -1 -1 -1000 -1000 -1000 -10
NotCar -1 -1 -10 636 215 699 269 -1 -1 -1 -1000 -1000 -1000 -10
NotCar -1 -1 -10 645 215 708 269 -1 -1 -1 -1000 -1000 -1000 -10
NotCar -1 -1 -10 654 215 717 269 -1 -1 -1 -1000 -1000 -1000 -10
NotCar -1 -1 -10 618 224 681 278 -1 -1 -1 -1000 -1000 -1000 -10
NotCar -1 -1 -10 663 233 726 287 -1 -1 -1 -1000 -1000 -1000 -10
NotCar -1 -1 -10 663 242 726 296 -1 -1 -1 -1000 -1000 -1000 -10
NotCar -1 -1 -10 672 242 735 296 -1 -1 -1 -1000 -1000 -1000 -10
NotCar -1 -1 -10 592 80 662 140 -1 -1 -1 -1000 -1000 -1000 -10
NotCar -1 -1 -10 602 80 672 140 -1 -1 -1 -1000 -1000 -1000 -10
NotCar -1 -1 -10 612 161 682 221 -1 -1 -1 -1000 -1000 -1000 -10
NotCar -1 -1 -10 642 161 712 221 -1 -1 -1 -1000 -1000 -1000 -10
NotCar -1 -1 -10 602 171 672 231 -1 -1 -1 -1000 -1000 -1000 -10
NotCar -1 -1 -10 612 171 682 231 -1 -1 -1 -1000 -1000 -1000 -10
NotCar -1 -1 -10 622 171 692 231 -1 -1 -1 -1000 -1000 -1000 -10
NotCar -1 -1 -10 632 171 702 231 -1 -1 -1 -1000 -1000 -1000 -10
NotCar -1 -1 -10 642 171 712 231 -1 -1 -1 -1000 -1000 -1000 -10
NotCar -1 -1 -10 652 171 722 231 -1 -1 -1 -1000 -1000 -1000 -10
NotCar -1 -1 -10 622 181 692 241 -1 -1 -1 -1000 -1000 -1000 -10
NotCar -1 -1 -10 632 181 702 241 -1 -1 -1 -1000 -1000 -1000 -10
NotCar -1 -1 -10 803 181 873 241 -1 -1 -1 -1000 -1000 -1000 -10
NotCar -1 -1 -10 1114 181 1184 241 -1 -1 -1 -1000 -1000 -1000 -10
NotCar -1 -1 -10 622 191 692 251 -1 -1 -1 -1000 -1000 -1000 -10
NotCar -1 -1 -10 652 191 722 251 -1 -1 -1 -1000 -1000 -1000 -10
NotCar -1 -1 -10 632 211 702 271 -1 -1 -1 -1000 -1000 -1000 -10
NotCar -1 -1 -10 642 211 712 271 -1 -1 -1 -1000 -1000 -1000 -10
NotCar -1 -1 -10 652 211 722 271 -1 -1 -1 -1000 -1000 -1000 -10
NotCar -1 -1 -10 612 221 682 281 -1 -1 -1 -1000 -1000 -1000 -10
NotCar -1 -1 -10 662 231 732 291 -1 -1 -1 -1000 -1000 -1000 -10
NotCar -1 -1 -10 642 241 712 301 -1 -1 -1 -1000 -1000 -1000 -10
NotCar -1 -1 -10 662 241 732 301 -1 -1 -1 -1000 -1000 -1000 -10
NotCar -1 -1 -10 672 241 742 301 -1 -1 -1 -1000 -1000 -1000 -10
NotCar -1 -1 -10 652 271 722 331 -1 -1 -1 -1000 -1000 -1000 -10
NotCar -1 -1 -10 682 271 752 331 -1 -1 -1 -1000 -1000 -1000 -10
NotCar -1 -1 -10 596 79 675 146 -1 -1 -1 -1000 -1000 -1000 -10
NotCar -1 -1 -10 596 90 675 157 -1 -1 -1 -1000 -1000 -1000 -10
NotCar -1 -1 -10 618 157 697 224 -1 -1 -1 -1000 -1000 -1000 -10
NotCar -1 -1 -10 629 157 708 224 -1 -1 -1 -1000 -1000 -1000 -10
NotCar -1 -1 -10 641 157 720 224 -1 -1 -1 -1000 -1000 -1000 -10
NotCar -1 -1 -10 865 157 944 224 -1 -1 -1 -1000 -1000 -1000 -10
NotCar -1 -1 -10 910 157 989 224 -1 -1 -1 -1000 -1000 -1000 -10
NotCar -1 -1 -10 955 157 1034 224 -1 -1 -1 -1000 -1000 -1000 -10
NotCar -1 -1 -10 967 157 1046 224 -1 -1 -1 -1000 -1000 -1000 -10
NotCar -1 -1 -10 607 169 686 236 -1 -1 -1 -1000 -1000 -1000 -10
NotCar -1 -1 -10 618 169 697 236 -1 -1 -1 -1000 -1000 -1000 -10
NotCar -1 -1 -10 629 169 708 236 -1 -1 -1 -1000 -1000 -1000 -10
NotCar -1 -1 -10 641 169 720 236 -1 -1 -1 -1000 -1000 -1000 -10
NotCar -1 -1 -10 652 169 731 236 -1 -1 -1 -1000 -1000 -1000 -10
NotCar -1 -1 -10 798 169 877 236 -1 -1 -1 -1000 -1000 -1000 -10
NotCar -1 -1 -10 618 191 697 258 -1 -1 -1 -1000 -1000 -1000 -10
NotCar -1 -1 -10 629 191 708 258 -1 -1 -1 -1000 -1000 -1000 -10
NotCar -1 -1 -10 641 191 720 258 -1 -1 -1 -1000 -1000 -1000 -10
NotCar -1 -1 -10 618 202 697 269 -1 -1 -1 -1000 -1000 -1000 -10
NotCar -1 -1 -10 629 202 708 269 -1 -1 -1 -1000 -1000 -1000 -10
NotCar -1 -1 -10 641 202 720 269 -1 -1 -1 -1000 -1000 -1000 -10
NotCar -1 -1 -10 652 202 731 269 -1 -1 -1 -1000 -1000 -1000 -10
NotCar -1 -1 -10 641 236 720 303 -1 -1 -1 -1000 -1000 -1000 -10
NotCar -1 -1 -10 652 236 731 303 -1 -1 -1 -1000 -1000 -1000 -10
NotCar -1 -1 -10 663 236 742 303 -1 -1 -1 -1000 -1000 -1000 -10
NotCar -1 -1 -10 856 151 944 227 -1 -1 -1 -1000 -1000 -1000 -10
NotCar -1 -1 -10 604 164 692 240 -1 -1 -1 -1000 -1000 -1000 -10
NotCar -1 -1 -10 617 164 705 240 -1 -1 -1 -1000 -1000 -1000 -10
NotCar -1 -1 -10 629 164 717 240 -1 -1 -1 -1000 -1000 -1000 -10
NotCar -1 -1 -10 642 164 730 240 -1 -1 -1 -1000 -1000 -1000 -10
NotCar -1 -1 -10 793 164 881 240 -1 -1 -1 -1000 -1000 -1000 -10
NotCar -1 -1 -10 252 176 340 252 -1 -1 -1 -1000 -1000 -1000 -10
NotCar -1 -1 -10 617 176 705 252 -1 -1 -1 -1000 -1000 -1000 -10
NotCar -1 -1 -10 629 176 717 252 -1 -1 -1 -1000 -1000 -1000 -10
NotCar -1 -1 -10 642 176 730 252 -1 -1 -1 -1000 -1000 -1000 -10
NotCar -1 -1 -10 869 176 957 252 -1 -1 -1 -1000 -1000 -1000 -10
NotCar -1 -1 -10 1057 176 1145 252 -1 -1 -1 -1000 -1000 -1000 -10
NotCar -1 -1 -10 642 189 730 265 -1 -1 -1 -1000 -1000 -1000 -10
NotCar -1 -1 -10 604 201 692 277 -1 -1 -1 -1000 -1000 -1000 -10
NotCar -1 -1 -10 617 201 705 277 -1 -1 -1 -1000 -1000 -1000 -10
NotCar -1 -1 -10 642 201 730 277 -1 -1 -1 -1000 -1000 -1000 -10
NotCar -1 -1 -10 655 201 743 277 -1 -1 -1 -1000 -1000 -1000 -10
NotCar -1 -1 -10 655 227 743 303 -1 -1 -1 -1000 -1000 -1000 -10
NotCar -1 -1 -10 667 264 755 340 -1 -1 -1 -1000 -1000 -1000 -10
NotCar -1 -1 -10 843 290 931 366 -1 -1 -1 -1000 -1000 -1000 -10
NotCar -1 -1 -10 856 290 944 366 -1 -1 -1 -1000 -1000 -1000 -10
NotCar -1 -1 -10 592 70 691 155 -1 -1 -1 -1000 -1000 -1000 -10
NotCar -1 -1 -10 818 113 917 198 -1 -1 -1 -1000 -1000 -1000 -10
NotCar -1 -1 -10 874 141 973 226 -1 -1 -1 -1000 -1000 -1000 -10
NotCar -1 -1 -10 606 155 705 240 -1 -1 -1 -1000 -1000 -1000 -10
NotCar -1 -1 -10 620 155 719 240 -1 -1 -1 -1000 -1000 -1000 -10
NotCar -1 -1 -10 634 155 733 240 -1 -1 -1 -1000 -1000 -1000 -10
NotCar -1 -1 -10 240 169 339 254 -1 -1 -1 -1000 -1000 -1000 -10
NotCar -1 -1 -10 254 169 353 254 -1 -1 -1 -1000 -1000 -1000 -10
NotCar -1 -1 -10 620 169 719 254 -1 -1 -1 -1000 -1000 -1000 -10
NotCar -1 -1 -10 634 169 733 254 -1 -1 -1 -1000 -1000 -1000 -10
NotCar -1 -1 -10 860 169 959 254 -1 -1 -1 -1000 -1000 -1000 -10
NotCar -1 -1 -10 1057 169 1156 254 -1 -1 -1 -1000 -1000 -1000 -10
NotCar -1 -1 -10 606 183 705 268 -1 -1 -1 -1000 -1000 -1000 -10
NotCar -1 -1 -10 620 183 719 268 -1 -1 -1 -1000 -1000 -1000 -10
NotCar -1 -1 -10 634 183 733 268 -1 -1 -1 -1000 -1000 -1000 -10
NotCar -1 -1 -10 592 197 691 282 -1 -1 -1 -1000 -1000 -1000 -10
NotCar -1 -1 -10 620 197 719 282 -1 -1 -1 -1000 -1000 -1000 -10
NotCar -1 -1 -10 634 197 733 282 -1 -1 -1 -1000 -1000 -1000 -10
NotCar -1 -1 -10 634 211 733 296 -1 -1 -1 -1000 -1000 -1000 -10
NotCar -1 -1 -10 649 211 748 296 -1 -1 -1 -1000 -1000 -1000 -10
NotCar -1 -1 -10 1074 63 1185 158 -1 -1 -1 -1000 -1000 -1000 -10
NotCar -1 -1 -10 821 111 932 206 -1 -1 -1 -1000 -1000 -1000 -10
NotCar -1 -1 -10 600 142 711 237 -1 -1 -1 -1000 -1000 -1000 -10
NotCar -1 -1 -10 616 142 727 237 -1 -1 -1 -1000 -1000 -1000 -10
NotCar -1 -1 -10 253 158 364 253 -1 -1 -1 -1000 -1000 -1000 -10
NotCar -1 -1 -10 600 158 711 253 -1 -1 -1 -1000 -1000 -1000 -10
NotCar -1 -1 -10 616 158 727 253 -1 -1 -1 -1000 -1000 -1000 -10
NotCar -1 -1 -10 632 158 743 253 -1 -1 -1 -1000 -1000 -1000 -10
NotCar -1 -1 -10 868 158 979 253 -1 -1 -1 -1000 -1000 -1000 -10
NotCar -1 -1 -10 600 174 711 269 -1 -1 -1 -1000 -1000 -1000 -10
NotCar -1 -1 -10 616 174 727 269 -1 -1 -1 -1000 -1000 -1000 -10
NotCar -1 -1 -10 632 174 743 269 -1 -1 -1 -1000 -1000 -1000 -10
NotCar -1 -1 -10 868 174 979 269 -1 -1 -1 -1000 -1000 -1000 -10
NotCar -1 -1 -10 600 189 711 284 -1 -1 -1 -1000 -1000 -1000 -10
NotCar -1 -1 -10 616 189 727 284 -1 -1 -1 -1000 -1000 -1000 -10
NotCar -1 -1 -10 632 189 743 284 -1 -1 -1 -1000 -1000 -1000 -10
NotCar -1 -1 -10 647 189 758 284 -1 -1 -1 -1000 -1000 -1000 -10
NotCar -1 -1 -10 616 205 727 300 -1 -1 -1 -1000 -1000 -1000 -10
NotCar -1 -1 -10 632 205 743 300 -1 -1 -1 -1000 -1000 -1000 -10
NotCar -1 -1 -10 0 253 111 348 -1 -1 -1 -1000 -1000 -1000 -10
NotCar -1 -1 -10 774 253 885 348 -1 -1 -1 -1000 -1000 -1000 -10
NotCar -1 -1 -10 0 268 111 363 -1 -1 -1 -1000 -1000 -1000 -10
NotCar -1 -1 -10 601 124 725 230 -1 -1 -1 -1000 -1000 -1000 -10
NotCar -1 -1 -10 601 141 725 247 -1 -1 -1 -1000 -1000 -1000 -10
NotCar -1 -1 -10 619 141 743 247 -1 -1 -1 -1000 -1000 -1000 -10
NotCar -1 -1 -10 601 159 725 265 -1 -1 -1 -1000 -1000 -1000 -10
NotCar -1 -1 -10 619 159 743 265 -1 -1 -1 -1000 -1000 -1000 -10
NotCar -1 -1 -10 849 159 973 265 -1 -1 -1 -1000 -1000 -1000 -10
NotCar -1 -1 -10 584 177 708 283 -1 -1 -1 -1000 -1000 -1000 -10
NotCar -1 -1 -10 601 177 725 283 -1 -1 -1 -1000 -1000 -1000 -10
NotCar -1 -1 -10 619 177 743 283 -1 -1 -1 -1000 -1000 -1000 -10
NotCar -1 -1 -10 637 177 761 283 -1 -1 -1 -1000 -1000 -1000 -10
NotCar -1 -1 -10 601 195 725 301 -1 -1 -1 -1000 -1000 -1000 -10
NotCar -1 -1 -10 619 195 743 301 -1 -1 -1 -1000 -1000 -1000 -10
NotCar -1 -1 -10 637 195 761 301 -1 -1 -1 -1000 -1000 -1000 -10
NotCar -1 -1 -10 872 99 1011 218 -1 -1 -1 -1000 -1000 -1000 -10
NotCar -1 -1 -10 594 119 733 238 -1 -1 -1 -1000 -1000 -1000 -10
NotCar -1 -1 -10 594 139 733 258 -1 -1 -1 -1000 -1000 -1000 -10
NotCar -1 -1 -10 614 139 753 258 -1 -1 -1 -1000 -1000 -1000 -10
NotCar -1 -1 -10 594 158 733 277 -1 -1 -1 -1000 -1000 -1000 -10
NotCar -1 -1 -10 614 158 753 277 -1 -1 -1 -1000 -1000 -1000 -10
NotCar -1 -1 -10 495 178 634 297 -1 -1 -1 -1000 -1000 -1000 -10
NotCar -1 -1 -10 515 178 654 297 -1 -1 -1 -1000 -1000 -1000 -10
NotCar -1 -1 -10 594 178 733 297 -1 -1 -1 -1000 -1000 -1000 -10
NotCar -1 -1 -10 614 178 753 297 -1 -1 -1 -1000 -1000 -1000 -10
NotCar -1 -1 -10 634 178 773 297 -1 -1 -1 -1000 -1000 -1000 -10
NotCar -1 -1 -10 594 198 733 317 -1 -1 -1 -1000 -1000 -1000 -10
NotCar -1 -1 -10 614 198 753 317 -1 -1 -1 -1000 -1000 -1000 -10
NotCar -1 -1 -10 887 111 1042 244 -1 -1 -1 -1000 -1000 -1000 -10
NotCar -1 -1 -10 910 111 1065 244 -1 -1 -1 -1000 -1000 -1000 -10
NotCar -1 -1 -10 599 133 754 266 -1 -1 -1 -1000 -1000 -1000 -10
NotCar -1 -1 -10 887 133 1042 266 -1 -1 -1 -1000 -1000 -1000 -10
NotCar -1 -1 -10 910 133 1065 266 -1 -1 -1 -1000 -1000 -1000 -10
NotCar -1 -1 -10 577 155 732 288 -1 -1 -1 -1000 -1000 -1000 -10
NotCar -1 -1 -10 599 155 754 288 -1 -1 -1 -1000 -1000 -1000 -10
NotCar -1 -1 -10 621 155 776 288 -1 -1 -1 -1000 -1000 -1000 -10
NotCar -1 -1 -10 887 155 1042 288 -1 -1 -1 -1000 -1000 -1000 -10
NotCar -1 -1 -10 910 155 1065 288 -1 -1 -1 -1000 -1000 -1000 -10
NotCar -1 -1 -10 932 155 1087 288 -1 -1 -1 -1000 -1000 -1000 -10
NotCar -1 -1 -10 998 155 1153 288 -1 -1 -1 -1000 -1000 -1000 -10
NotCar -1 -1 -10 1020 155 1175 288 -1 -1 -1 -1000 -1000 -1000 -10
NotCar -1 -1 -10 577 177 732 310 -1 -1 -1 -1000 -1000 -1000 -10
NotCar -1 -1 -10 599 177 754 310 -1 -1 -1 -1000 -1000 -1000 -10
NotCar -1 -1 -10 621 177 776 310 -1 -1 -1 -1000 -1000 -1000 -10
NotCar -1 -1 -10 910 177 1065 310 -1 -1 -1 -1000 -1000 -1000 -10
NotCar -1 -1 -10 754 222 909 355 -1 -1 -1 -1000 -1000 -1000 -10
NotCar -1 -1 -10 522 75 696 224 -1 -1 -1 -1000 -1000 -1000 -10
NotCar -1 -1 -10 870 99 1044 248 -1 -1 -1 -1000 -1000 -1000 -10
NotCar -1 -1 -10 894 99 1068 248 -1 -1 -1 -1000 -1000 -1000 -10
NotCar -1 -1 -10 571 124 745 273 -1 -1 -1 -1000 -1000 -1000 -10
NotCar -1 -1 -10 596 124 770 273 -1 -1 -1 -1000 -1000 -1000 -10
NotCar -1 -1 -10 571 149 745 298 -1 -1 -1 -1000 -1000 -1000 -10
NotCar -1 -1 -10 596 149 770 298 -1 -1 -1 -1000 -1000 -1000 -10
NotCar -1 -1 -10 919 149 1093 298 -1 -1 -1 -1000 -1000 -1000 -10
NotCar -1 -1 -10 944 149 1118 298 -1 -1 -1 -1000 -1000 -1000 -10
NotCar -1 -1 -10 596 174 770 323 -1 -1 -1 -1000 -1000 -1000 -10
NotCar -1 -1 -10 621 174 795 323 -1 -1 -1 -1000 -1000 -1000 -10
NotCar -1 -1 -10 596 199 770 348 -1 -1 -1 -1000 -1000 -1000 -10
NotCar -1 -1 -10 584 111 779 278 -1 -1 -1 -1000 -1000 -1000 -10
NotCar -1 -1 -10 557 139 752 306 -1 -1 -1 -1000 -1000 -1000 -10
NotCar -1 -1 -10 584 139 779 306 -1 -1 -1 -1000 -1000 -1000 -10
NotCar -1 -1 -10 918 139 1113 306 -1 -1 -1 -1000 -1000 -1000 -10
NotCar -1 -1 -10 946 139 1141 306 -1 -1 -1 -1000 -1000 -1000 -10
NotCar -1 -1 -10 974 139 1169 306 -1 -1 -1 -1000 -1000 -1000 -10
NotCar -1 -1 -10 1002 139 1197 306 -1 -1 -1 -1000 -1000 -1000 -10
NotCar -1 -1 -10 557 167 752 334 -1 -1 -1 -1000 -1000 -1000 -10
NotCar -1 -1 -10 584 167 779 334 -1 -1 -1 -1000 -1000 -1000 -10
NotCar -1 -1 -10 612 167 807 334 -1 -1 -1 -1000 -1000 -1000 -10
NotCar -1 -1 -10 584 195 779 362 -1 -1 -1 -1000 -1000 -1000 -10
NotCar -1 -1 -10 530 125 748 312 -1 -1 -1 -1000 -1000 -1000 -10
NotCar -1 -1 -10 561 125 779 312 -1 -1 -1 -1000 -1000 -1000 -10
NotCar -1 -1 -10 592 125 810 312 -1 -1 -1 -1000 -1000 -1000 -10
NotCar -1 -1 -10 904 125 1122 312 -1 -1 -1 -1000 -1000 -1000 -10
NotCar -1 -1 -10 935 125 1153 312 -1 -1 -1 -1000 -1000 -1000 -10
NotCar -1 -1 -10 966 125 1184 312 -1 -1 -1 -1000 -1000 -1000 -10
NotCar -1 -1 -10 530 156 748 343 -1 -1 -1 -1000 -1000 -1000 -10
NotCar -1 -1 -10 561 156 779 343 -1 -1 -1 -1000 -1000 -1000 -10
NotCar -1 -1 -10 592 156 810 343 -1 -1 -1 -1000 -1000 -1000 -10