NotCar -1 -1 -10 952 16 1008 64 -1 -1 -1 -1000 -1000 -1000 -10
NotCar -1 -1 -10 1128 16 1184 64 -1 -1 -1 -1000 -1000 -1000 -10
NotCar -1 -1 -10 1072 24 1128 72 -1 -1 -1 -1000 -1000 -1000 -10
NotCar -1 -1 -10 416 32 472 80 -1 -1 -1 -1000 -1000 -1000 -10
NotCar -1 -1 -10 920 40 976 88 -1 -1 -1 -1000 -1000 -1000 -10
NotCar -1 -1 -10 928 40 984 88 -1 -1 -1 -1000 -1000 -1000 -10
NotCar -1 -1 -10 1112 48 1168 96 -1 -1 -1 -1000 -1000 -1000 -10
NotCar -1 -1 -10 360 64 416 112 -1 -1 -1 -1000 -1000 -1000 -10
NotCar -1 -1 -10 376 64 432 112 -1 -1 -1 -1000 -1000 -1000 -10
NotCar -1 -1 -10 704 64 760 112 -1 -1 -1 -1000 -1000 -1000 -10
NotCar -1 -1 -10 1048 64 1104 112 -1 -1 -1 -1000 -1000 -1000 -10
NotCar -1 -1 -10 200 72 256 120 -1 -1 -1 -1000 -1000 -1000 -10
NotCar -1 -1 -10 376 72 432 120 -1 -1 -1 -1000 -1000 -1000 -10
NotCar -1 -1 -10 624 72 680 120 -1 -1 -1 -1000 -1000 -1000 -10
NotCar -1 -1 -10 632 72 688 120 -1 -1 -1 -1000 -1000 -1000 -10
NotCar -1 -1 -10 136 80 192 128 -1 -1 -1 -1000 -1000 -1000 -10
NotCar -1 -1 -10 376 80 432 128 -1 -1 -1 -1000 -1000 -1000 -10
NotCar -1 -1 -10 1152 80 1208 128 -1 -1 -1 -1000 -1000 -1000 -10
NotCar -1 -1 -10 160 88 216 136 -1 -1 -1 -1000 -1000 -1000 -10
NotCar -1 -1 -10 992 88 1048 136 -1 -1 -1 -1000 -1000 -1000 -10
NotCar -1 -1 -10 160 96 216 144 -1 -1 -1 -1000 -1000 -1000 -10
NotCar -1 -1 -10 312 96 368 144 -1 -1 -1 -1000 -1000 -1000 -10
NotCar -1 -1 -10 320 96 376 144 -1 -1 -1 -1000 -1000 -1000 -10
NotCar -1 -1 -10 920 96 976 144 -1 -1 -1 -1000 -1000 -1000 -10
NotCar -1 -1 -10 1000 96 1056 144 -1 -1 -1 -1000 -1000 -1000 -10
NotCar -1 -1 -10 0 104 56 152 -1 -1 -1 -1000 -1000 -1000 -10
NotCar -1 -1 -10 8 104 64 152 -1 -1 -1 -1000 -1000 -1000 -10
NotCar -1 -1 -10 80 104 136 152 -1 -1 -1 -1000 -1000 -1000 -10
NotCar -1 -1 -10 160 104 216 152 -1 -1 -1 -1000 -1000 -1000 -10
NotCar -1 -1 -10 200 104 256 152 -1 -1 -1 -1000 -1000 -1000 -10
NotCar -1 -1 -10 496 104 552 152 -1 -1 -1 -1000 -1000 -1000 -10
NotCar -1 -1 -10 1000 104 1056 152 -1 -1 -1 -1000 -1000 -1000 -10
NotCar -1 -1 -10 32 112 88 160 -1 -1 -1 -1000 -1000 -1000 -10
NotCar -1 -1 -10 160 112 216 160 -1 -1 -1 -1000 -1000 -1000 -10
NotCar -1 -1 -10 224 112 280 160 -1 -1 -1 -1000 -1000 -1000 -10
NotCar -1 -1 -10 784 112 840 160 -1 -1 -1 -1000 -1000 -1000 -10
NotCar -1 -1 -10 792 112 848 160 -1 -1 -1 -1000 -1000 -1000 -10
NotCar -1 -1 -10 160 120 216 168 -1 -1 -1 -1000 -1000 -1000 -10
NotCar -1 -1 -10 640 120 696 168 -1 -1 -1 -1000 -1000 -1000 -10
NotCar -1 -1 -10 704 120 760 168 -1 -1 -1 -1000 -1000 -1000 -10
NotCar -1 -1 -10 712 120 768 168 -1 -1 -1 -1000 -1000 -1000 -10
NotCar -1 -1 -10 1144 120 1200 168 -1 -1 -1 -1000 -1000 -1000 -10
NotCar -1 -1 -10 992 128 1048 176 -1 -1 -1 -1000 -1000 -1000 -10
NotCar -1 -1 -10 1056 128 1112 176 -1 -1 -1 -1000 -1000 -1000 -10
NotCar -1 -1 -10 1064 128 1120 176 -1 -1 -1 -1000 -1000 -1000 -10
NotCar -1 -1 -10 0 136 56 184 -1 -1 -1 -1000 -1000 -1000 -10
NotCar -1 -1 -10 24 136 80 184 -1 -1 -1 -1000 -1000 -1000 -10
NotCar -1 -1 -10 72 136 128 184 -1 -1 -1 -1000 -1000 -1000 -10
NotCar -1 -1 -10 192 136 248 184 -1 -1 -1 -1000 -1000 -1000 -10
NotCar -1 -1 -10 200 136 256 184 -1 -1 -1 -1000 -1000 -1000 -10
NotCar -1 -1 -10 288 136 344 184 -1 -1 -1 -1000 -1000 -1000 -10
NotCar -1 -1 -10 992 136 1048 184 -1 -1 -1 -1000 -1000 -1000 -10
NotCar -1 -1 -10 1064 136 1120 184 -1 -1 -1 -1000 -1000 -1000 -10
NotCar -1 -1 -10 0 144 56 192 -1 -1 -1 -1000 -1000 -1000 -10
NotCar -1 -1 -10 16 144 72 192 -1 -1 -1 -1000 -1000 -1000 -10
NotCar -1 -1 -10 72 144 128 192 -1 -1 -1 -1000 -1000 -1000 -10
NotCar -1 -1 -10 80 144 136 192 -1 -1 -1 -1000 -1000 -1000 -10
NotCar -1 -1 -10 88 144 144 192 -1 -1 -1 -1000 -1000 -1000 -10
NotCar -1 -1 -10 96 144 152 192 -1 -1 -1 -1000 -1000 -1000 -10
NotCar -1 -1 -10 104 144 160 192 -1 -1 -1 -1000 -1000 -1000 -10
NotCar -1 -1 -10 112 144 168 192 -1 -1 -1 -1000 -1000 -1000 -10
NotCar -1 -1 -10 200 144 256 192 -1 -1 -1 -1000 -1000 -1000 -10
NotCar -1 -1 -10 208 144 264 192 -1 -1 -1 -1000 -1000 -1000 -10
NotCar -1 -1 -10 216 144 272 192 -1 -1 -1 -1000 -1000 -1000 -10
NotCar -1 -1 -10 224 144 280 192 -1 -1 -1 -1000 -1000 -1000 -10
NotCar -1 -1 -10 288 144 344 192 -1 -1 -1 -1000 -1000 -1000 -10
NotCar -1 -1 -10 296 144 352 192 -1 -1 -1 -1000 -1000 -1000 -10
NotCar -1 -1 -10 312 144 368 192 -1 -1 -1 -1000 -1000 -1000 -10
NotCar -1 -1 -10 320 144 376 192 -1 -1 -1 -1000 -1000 -1000 -10
NotCar -1 -1 -10 328 144 384 192 -1 -1 -1 -1000 -1000 -1000 -10
NotCar -1 -1 -10 552 144 608 192 -1 -1 -1 -1000 -1000 -1000 -10
NotCar -1 -1 -10 560 144 616 192 -1 -1 -1 -1000 -1000 -1000 -10
NotCar -1 -1 -10 568 144 624 192 -1 -1 -1 -1000 -1000 -1000 -10
NotCar -1 -1 -10 1112 144 1168 192 -1 -1 -1 -1000 -1000 -1000 -10
NotCar -1 -1 -10 1120 144 1176 192 -1 -1 -1 -1000 -1000 -1000 -10
NotCar -1 -1 -10 224 152 280 200 -1 -1 -1 -1000 -1000 -1000 -10
NotCar -1 -1 -10 296 152 352 200 -1 -1 -1 -1000 -1000 -1000 -10
NotCar -1 -1 -10 320 152 376 200 -1 -1 -1 -1000 -1000 -1000 -10
NotCar -1 -1 -10 328 152 384 200 -1 -1 -1 -1000 -1000 -1000 -10
NotCar -1 -1 -10 376 152 432 200 -1 -1 -1 -1000 -1000 -1000 -10
NotCar -1 -1 -10 384 152 440 200 -1 -1 -1 -1000 -1000 -1000 -10
NotCar -1 -1 -10 448 152 504 200 -1 -1 -1 -1000 -1000 -1000 -10
NotCar -1 -1 -10 496 152 552 200 -1 -1 -1 -1000 -1000 -1000 -10
NotCar -1 -1 -10 528 152 584 200 -1 -1 -1 -1000 -1000 -1000 -10
NotCar -1 -1 -10 560 152 616 200 -1 -1 -1 -1000 -1000 -1000 -10
NotCar -1 -1 -10 576 152 632 200 -1 -1 -1 -1000 -1000 -1000 -10
NotCar -1 -1 -10 8 160 64 208 -1 -1 -1 -1000 -1000 -1000 -10
NotCar -1 -1 -10 24 160 80 208 -1 -1 -1 -1000 -1000 -1000 -10
NotCar -1 -1 -10 32 160 88 208 -1 -1 -1 -1000 -1000 -1000 -10
NotCar -1 -1 -10 40 160 96 208 -1 -1 -1 -1000 -1000 -1000 -10
NotCar -1 -1 -10 72 160 128 208 -1 -1 -1 -1000 -1000 -1000 -10
NotCar -1 -1 -10 80 160 136 208 -1 -1 -1 -1000 -1000 -1000 -10
NotCar -1 -1 -10 224 160 280 208 -1 -1 -1 -1000 -1000 -1000 -10
NotCar -1 -1 -10 320 160 376 208 -1 -1 -1 -1000 -1000 -1000 -10
NotCar -1 -1 -10 328 160 384 208 -1 -1 -1 -1000 -1000 -1000 -10
NotCar -1 -1 -10 352 160 408 208 -1 -1 -1 -1000 -1000 -1000 -10
NotCar -1 -1 -10 560 160 616 208 -1 -1 -1 -1000 -1000 -1000 -10
NotCar -1 -1 -10 712 160 768 208 -1 -1 -1 -1000 -1000 -1000 -10
NotCar -1 -1 -10 840 160 896 208 -1 -1 -1 -1000 -1000 -1000 -10
NotCar -1 -1 -10 8 168 64 216 -1 -1 -1 -1000 -1000 -1000 -10
NotCar -1 -1 -10 56 168 112 216 -1 -1 -1 -1000 -1000 -1000 -10
NotCar -1 -1 -10 64 168 120 216 -1 -1 -1 -1000 -1000 -1000 -10
NotCar -1 -1 -10 320 168 376 216 -1 -1 -1 -1000 -1000 -1000 -10
NotCar -1 -1 -10 328 168 384 216 -1 -1 -1 -1000 -1000 -1000 -10
NotCar -1 -1 -10 352 168 408 216 -1 -1 -1 -1000 -1000 -1000 -10
NotCar -1 -1 -10 384 168 440 216 -1 -1 -1 -1000 -1000 -1000 -10
NotCar -1 -1 -10 416 168 472 216 -1 -1 -1 -1000 -1000 -1000 -10
NotCar -1 -1 -10 424 168 480 216 -1 -1 -1 -1000 -1000 -1000 -10
NotCar -1 -1 -10 432 168 488 216 -1 -1 -1 -1000 -1000 -1000 -10
NotCar -1 -1 -10 448 168 504 216 -1 -1 -1 -1000 -1000 -1000 -10
NotCar -1 -1 -10 456 168 512 216 -1 -1 -1 -1000 -1000 -1000 -10
NotCar -1 -1 -10 664 168 720 216 -1 -1 -1 -1000 -1000 -1000 -10
NotCar -1 -1 -10 672 168 728 216 -1 -1 -1 -1000 -1000 -1000 -10
NotCar -1 -1 -10 744 168 800 216 -1 -1 -1 -1000 -1000 -1000 -10
NotCar -1 -1 -10 752 168 808 216 -1 -1 -1 -1000 -1000 -1000 -10
NotCar -1 -1 -10 840 168 896 216 -1 -1 -1 -1000 -1000 -1000 -10
NotCar -1 -1 -10 1088 168 1144 216 -1 -1 -1 -1000 -1000 -1000 -10
NotCar -1 -1 -10 320 176 376 224 -1 -1 -1 -1000 -1000 -1000 -10
NotCar -1 -1 -10 352 176 408 224 -1 -1 -1 -1000 -1000 -1000 -10
NotCar -1 -1 -10 376 176 432 224 -1 -1 -1 -1000 -1000 -1000 -10
NotCar -1 -1 -10 384 176 440 224 -1 -1 -1 -1000 -1000 -1000 -10
NotCar -1 -1 -10 416 176 472 224 -1 -1 -1 -1000 -1000 -1000 -10
NotCar -1 -1 -10 424 176 480 224 -1 -1 -1 -1000 -1000 -1000 -10
NotCar -1 -1 -10 432 176 488 224 -1 -1 -1 -1000 -1000 -1000 -10
NotCar -1 -1 -10 744 176 800 224 -1 -1 -1 -1000 -1000 -1000 -10
NotCar -1 -1 -10 752 176 808 224 -1 -1 -1 -1000 -1000 -1000 -10
NotCar -1 -1 -10 760 176 816 224 -1 -1 -1 -1000 -1000 -1000 -10
NotCar -1 -1 -10 352 184 408 232 -1 -1 -1 -1000 -1000 -1000 -10
NotCar -1 -1 -10 392 184 448 232 -1 -1 -1 -1000 -1000 -1000 -10
NotCar -1 -1 -10 752 184 808 232 -1 -1 -1 -1000 -1000 -1000 -10
NotCar -1 -1 -10 760 184 816 232 -1 -1 -1 -1000 -1000 -1000 -10
NotCar -1 -1 -10 1120 184 1176 232 -1 -1 -1 -1000 -1000 -1000 -10
NotCar -1 -1 -10 72 192 128 240 -1 -1 -1 -1000 -1000 -1000 -10
NotCar -1 -1 -10 80 192 136 240 -1 -1 -1 -1000 -1000 -1000 -10
NotCar -1 -1 -10 104 192 160 240 -1 -1 -1 -1000 -1000 -1000 -10
NotCar -1 -1 -10 176 192 232 240 -1 -1 -1 -1000 -1000 -1000 -10
NotCar -1 -1 -10 208 192 264 240 -1 -1 -1 -1000 -1000 -1000 -10
NotCar -1 -1 -10 216 192 272 240 -1 -1 -1 -1000 -1000 -1000 -10
NotCar -1 -1 -10 232 192 288 240 -1 -1 -1 -1000 -1000 -1000 -10
NotCar -1 -1 -10 1144 192 1200 240 -1 -1 -1 -1000 -1000 -1000 -10
NotCar -1 -1 -10 56 200 112 248 -1 -1 -1 -1000 -1000 -1000 -10
NotCar -1 -1 -10 1088 200 1144 248 -1 -1 -1 -1000 -1000 -1000 -10
NotCar -1 -1 -10 1120 200 1176 248 -1 -1 -1 -1000 -1000 -1000 -10
NotCar -1 -1 -10 1152 200 1208 248 -1 -1 -1 -1000 -1000 -1000 -10
NotCar -1 -1 -10 1168 200 1224 248 -1 -1 -1 -1000 -1000 -1000 -10
NotCar -1 -1 -10 0 208 56 256 -1 -1 -1 -1000 -1000 -1000 -10
NotCar -1 -1 -10 104 208 160 256 -1 -1 -1 -1000 -1000 -1000 -10
NotCar -1 -1 -10 1120 208 1176 256 -1 -1 -1 -1000 -1000 -1000 -10
NotCar -1 -1 -10 0 216 56 264 -1 -1 -1 -1000 -1000 -1000 -10
NotCar -1 -1 -10 104 216 160 264 -1 -1 -1 -1000 -1000 -1000 -10
NotCar -1 -1 -10 112 216 168 264 -1 -1 -1 -1000 -1000 -1000 -10
NotCar -1 -1 -10 736 216 792 264 -1 -1 -1 -1000 -1000 -1000 -10
NotCar -1 -1 -10 872 216 928 264 -1 -1 -1 -1000 -1000 -1000 -10
NotCar -1 -1 -10 104 224 160 272 -1 -1 -1 -1000 -1000 -1000 -10
NotCar -1 -1 -10 112 224 168 272 -1 -1 -1 -1000 -1000 -1000 -10
NotCar -1 -1 -10 0 248 56 296 -1 -1 -1 -1000 -1000 -1000 -10
NotCar -1 -1 -10 568 264 624 312 -1 -1 -1 -1000 -1000 -1000 -10
NotCar -1 -1 -10 240 272 296 320 -1 -1 -1 -1000 -1000 -1000 -10
NotCar -1 -1 -10 568 272 624 320 -1 -1 -1 -1000 -1000 -1000 -10
NotCar -1 -1 -10 576 272 632 320 -1 -1 -1 -1000 -1000 -1000 -10
NotCar -1 -1 -10 624 272 680 320 -1 -1 -1 -1000 -1000 -1000 -10
NotCar -1 -1 -10 645 0 708 54 -1 -1 -1 -1000 -1000 -1000 -10
NotCar -1 -1 -10 1129 0 1192 54 -1 -1 -1 -1000 -1000 -1000 -10
NotCar -1 -1 -10 923 36 986 90 -1 -1 -1 -1000 -1000 -1000 -10
NotCar -1 -1 -10 1111 45 1174 99 -1 -1 -1 -1000 -1000 -1000 -10
NotCar -1 -1 -10 367 63 430 117 -1 -1 -1 -1000 -1000 -1000 -10
NotCar -1 -1 -10 376 63 439 117 -1 -1 -1 -1000 -1000 -1000 -10
NotCar -1 -1 -10 1048 63 1111 117 -1 -1 -1 -1000 -1000 -1000 -10
NotCar -1 -1 -10 197 72 260 126 -1 -1 -1 -1000 -1000 -1000 -10
NotCar -1 -1 -10 627 72 690 126 -1 -1 -1 -1000 -1000 -1000 -10
NotCar -1 -1 -10 923 90 986 144 -1 -1 -1 -1000 -1000 -1000 -10
NotCar -1 -1 -10 1004 90 1067 144 -1 -1 -1 -1000 -1000 -1000 -10
NotCar -1 -1 -10 152 99 215 153 -1 -1 -1 -1000 -1000 -1000 -10
NotCar -1 -1 -10 161 99 224 153 -1 -1 -1 -1000 -1000 -1000 -10
NotCar -1 -1 -10 1004 99 1067 153 -1 -1 -1 -1000 -1000 -1000 -10
NotCar -1 -1 -10 152 108 215 162 -1 -1 -1 -1000 -1000 -1000 -10
NotCar -1 -1 -10 161 108 224 162 -1 -1 -1 -1000 -1000 -1000 -10
NotCar -1 -1 -10 305 108 368 162 -1 -1 -1 -1000 -1000 -1000 -10
NotCar -1 -1 -10 314 108 377 162 -1 -1 -1 -1000 -1000 -1000 -10
NotCar -1 -1 -10 780 108 843 162 -1 -1 -1 -1000 -1000 -1000 -10
NotCar -1 -1 -10 1004 108 1067 162 -1 -1 -1 -1000 -1000 -1000 -10
NotCar -1 -1 -10 1147 108 1210 162 -1 -1 -1 -1000 -1000 -1000 -10
NotCar -1 -1 -10 780 116 843 170 -1 -1 -1 -1000 -1000 -1000 -10
NotCar -1 -1 -10 1084 116 1147 170 -1 -1 -1 -1000 -1000 -1000 -10
NotCar -1 -1 -10 0 125 63 179 -1 -1 -1 -1000 -1000 -1000 -10
NotCar -1 -1 -10 995 125 1058 179 -1 -1 -1 -1000 -1000 -1000 -10
NotCar -1 -1 -10 1057 125 1120 179 -1 -1 -1 -1000 -1000 -1000 -10
NotCar -1 -1 -10 1066 125 1129 179 -1 -1 -1 -1000 -1000 -1000 -10
NotCar -1 -1 -10 0 134 63 188 -1 -1 -1 -1000 -1000 -1000 -10
NotCar -1 -1 -10 81 134 144 188 -1 -1 -1 -1000 -1000 -1000 -10
NotCar -1 -1 -10 134 134 197 188 -1 -1 -1 -1000 -1000 -1000 -10
NotCar -1 -1 -10 287 134 350 188 -1 -1 -1 -1000 -1000 -1000 -10
NotCar -1 -1 -10 81 143 144 197 -1 -1 -1 -1000 -1000 -1000 -10
NotCar -1 -1 -10 90 143 153 197 -1 -1 -1 -1000 -1000 -1000 -10
NotCar -1 -1 -10 99 143 162 197 -1 -1 -1 -1000 -1000 -1000 -10
NotCar -1 -1 -10 143 143 206 197 -1 -1 -1 -1000 -1000 -1000 -10
NotCar -1 -1 -10 152 143 215 197 -1 -1 -1 -1000 -1000 -1000 -10
NotCar -1 -1 -10 161 143 224 197 -1 -1 -1 -1000 -1000 -1000 -10
NotCar -1 -1 -10 242 143 305 197 -1 -1 -1 -1000 -1000 -1000 -10
NotCar -1 -1 -10 314 143 377 197 -1 -1 -1 -1000 -1000 -1000 -10
NotCar -1 -1 -10 323 143 386 197 -1 -1 -1 -1000 -1000 -1000 -10
NotCar -1 -1 -10 367 143 430 197 -1 -1 -1 -1000 -1000 -1000 -10
NotCar -1 -1 -10 376 143 439 197 -1 -1 -1 -1000 -1000 -1000 -10
NotCar -1 -1 -10 439 143 502 197 -1 -1 -1 -1000 -1000 -1000 -10
NotCar -1 -1 -10 556 143 619 197 -1 -1 -1 -1000 -1000 -1000 -10
NotCar -1 -1 -10 564 143 627 197 -1 -1 -1 -1000 -1000 -1000 -10
NotCar -1 -1 -10 573 143 636 197 -1 -1 -1 -1000 -1000 -1000 -10
NotCar -1 -1 -10 582 143 645 197 -1 -1 -1 -1000 -1000 -1000 -10
NotCar -1 -1 -10 591 143 654 197 -1 -1 -1 -1000 -1000 -1000 -10
NotCar -1 -1 -10 72 152 135 206 -1 -1 -1 -1000 -1000 -1000 -10
NotCar -1 -1 -10 90 152 153 206 -1 -1 -1 -1000 -1000 -1000 -10
NotCar -1 -1 -10 161 152 224 206 -1 -1 -1 -1000 -1000 -1000 -10
NotCar -1 -1 -10 170 152 233 206 -1 -1 -1 -1000 -1000 -1000 -10
NotCar -1 -1 -10 224 152 287 206 -1 -1 -1 -1000 -1000 -1000 -10
NotCar -1 -1 -10 296 152 359 206 -1 -1 -1 -1000 -1000 -1000 -10
NotCar -1 -1 -10 323 152 386 206 -1 -1 -1 -1000 -1000 -1000 -10
NotCar -1 -1 -10 502 152 565 206 -1 -1 -1 -1000 -1000 -1000 -10
NotCar -1 -1 -10 564 152 627 206 -1 -1 -1 -1000 -1000 -1000 -10
NotCar -1 -1 -10 582 152 645 206 -1 -1 -1 -1000 -1000 -1000 -10
NotCar -1 -1 -10 63 161 126 215 -1 -1 -1 -1000 -1000 -1000 -10
NotCar -1 -1 -10 72 161 135 215 -1 -1 -1 -1000 -1000 -1000 -10
NotCar -1 -1 -10 81 161 144 215 -1 -1 -1 -1000 -1000 -1000 -10
NotCar -1 -1 -10 161 161 224 215 -1 -1 -1 -1000 -1000 -1000 -10
NotCar -1 -1 -10 197 161 260 215 -1 -1 -1 -1000 -1000 -1000 -10
NotCar -1 -1 -10 215 161 278 215 -1 -1 -1 -1000 -1000 -1000 -10
NotCar -1 -1 -10 224 161 287 215 -1 -1 -1 -1000 -1000 -1000 -10
NotCar -1 -1 -10 233 161 296 215 -1 -1 -1 -1000 -1000 -1000 -10
NotCar -1 -1 -10 323 161 386 215 -1 -1 -1 -1000 -1000 -1000 -10
NotCar -1 -1 -10 430 161 493 215 -1 -1 -1 -1000 -1000 -1000 -10
NotCar -1 -1 -10 502 161 565 215 -1 -1 -1 -1000 -1000 -1000 -10
NotCar -1 -1 -10 511 161 574 215 -1 -1 -1 -1000 -1000 -1000 -10
NotCar -1 -1 -10 63 170 126 224 -1 -1 -1 -1000 -1000 -1000 -10
NotCar -1 -1 -10 72 170 135 224 -1 -1 -1 -1000 -1000 -1000 -10
NotCar -1 -1 -10 323 170 386 224 -1 -1 -1 -1000 -1000 -1000 -10
NotCar -1 -1 -10 421 170 484 224 -1 -1 -1 -1000 -1000 -1000 -10
NotCar -1 -1 -10 430 170 493 224 -1 -1 -1 -1000 -1000 -1000 -10
NotCar -1 -1 -10 663 170 726 224 -1 -1 -1 -1000 -1000 -1000 -10
NotCar -1 -1 -10 744 170 807 224 -1 -1 -1 -1000 -1000 -1000 -10
NotCar -1 -1 -10 753 170 816 224 -1 -1 -1 -1000 -1000 -1000 -10
NotCar -1 -1 -10 833 170 896 224 -1 -1 -1 -1000 -1000 -1000 -10
NotCar -1 -1 -10 842 170 905 224 -1 -1 -1 -1000 -1000 -1000 -10
NotCar -1 -1 -10 72 179 135 233 -1 -1 -1 -1000 -1000 -1000 -10
NotCar -1 -1 -10 349 179 412 233 -1 -1 -1 -1000 -1000 -1000 -10
NotCar -1 -1 -10 744 179 807 233 -1 -1 -1 -1000 -1000 -1000 -10
NotCar -1 -1 -10 753 179 816 233 -1 -1 -1 -1000 -1000 -1000 -10
NotCar -1 -1 -10 887 179 950 233 -1 -1 -1 -1000 -1000 -1000 -10
NotCar -1 -1 -10 72 188 135 242 -1 -1 -1 -1000 -1000 -1000 -10
NotCar -1 -1 -10 81 188 144 242 -1 -1 -1 -1000 -1000 -1000 -10
NotCar -1 -1 -10 206 188 269 242 -1 -1 -1 -1000 -1000 -1000 -10
NotCar -1 -1 -10 753 188 816 242 -1 -1 -1 -1000 -1000 -1000 -10
NotCar -1 -1 -10 762 188 825 242 -1 -1 -1 -1000 -1000 -1000 -10
NotCar -1 -1 -10 54 197 117 251 -1 -1 -1 -1000 -1000 -1000 -10
NotCar -1 -1 -10 215 197 278 251 -1 -1 -1 -1000 -1000 -1000 -10
NotCar -1 -1 -10 1156 197 1219 251 -1 -1 -1 -1000 -1000 -1000 -10
NotCar -1 -1 -10 0 206 63 260 -1 -1 -1 -1000 -1000 -1000 -10
NotCar -1 -1 -10 108 206 171 260 -1 -1 -1 -1000 -1000 -1000 -10
NotCar -1 -1 -10 0 215 63 269 -1 -1 -1 -1000 -1000 -1000 -10
NotCar -1 -1 -10 108 215 171 269 -1 -1 -1 -1000 -1000 -1000 -10
NotCar -1 -1 -10 726 215 789 269 -1 -1 -1 -1000 -1000 -1000 -10
NotCar -1 -1 -10 0 242 63 296 -1 -1 -1 -1000 -1000 -1000 -10
NotCar -1 -1 -10 99 260 162 314 -1 -1 -1 -1000 -1000 -1000 -10
NotCar -1 -1 -10 564 269 627 323 -1 -1 -1 -1000 -1000 -1000 -10
NotCar -1 -1 -10 573 269 636 323 -1 -1 -1 -1000 -1000 -1000 -10
NotCar -1 -1 -10 618 269 681 323 -1 -1 -1 -1000 -1000 -1000 -10
NotCar -1 -1 -10 642 0 712 60 -1 -1 -1 -1000 -1000 -1000 -10
NotCar -1 -1 -10 1124 0 1194 60 -1 -1 -1 -1000 -1000 -1000 -10
NotCar -1 -1 -10 1124 10 1194 70 -1 -1 -1 -1000 -1000 -1000 -10
NotCar -1 -1 -10 371 60 441 120 -1 -1 -1 -1000 -1000 -1000 -10
NotCar -1 -1 -10 622 60 692 120 -1 -1 -1 -1000 -1000 -1000 -10
NotCar -1 -1 -10 201 70 271 130 -1 -1 -1 -1000 -1000 -1000 -10
NotCar -1 -1 -10 151 90 221 150 -1 -1 -1 -1000 -1000 -1000 -10
NotCar -1 -1 -10 1004 90 1074 150 -1 -1 -1 -1000 -1000 -1000 -10
NotCar -1 -1 -10 1114 90 1184 150 -1 -1 -1 -1000 -1000 -1000 -10
NotCar -1 -1 -10 70 100 140 160 -1 -1 -1 -1000 -1000 -1000 -10
NotCar -1 -1 -10 80 100 150 160 -1 -1 -1 -1000 -1000 -1000 -10
NotCar -1 -1 -10 151 100 221 160 -1 -1 -1 -1000 -1000 -1000 -10
NotCar -1 -1 -10 301 100 371 160 -1 -1 -1 -1000 -1000 -1000 -10
NotCar -1 -1 -10 783 100 853 160 -1 -1 -1 -1000 -1000 -1000 -10
NotCar -1 -1 -10 993 100 1063 160 -1 -1 -1 -1000 -1000 -1000 -10
NotCar -1 -1 -10 1144 100 1214 160 -1 -1 -1 -1000 -1000 -1000 -10
NotCar -1 -1 -10 90 110 160 170 -1 -1 -1 -1000 -1000 -1000 -10
NotCar -1 -1 -10 140 110 210 170 -1 -1 -1 -1000 -1000 -1000 -10
NotCar -1 -1 -10 151 110 221 170 -1 -1 -1 -1000 -1000 -1000 -10
NotCar -1 -1 -10 702 110 772 170 -1 -1 -1 -1000 -1000 -1000 -10
NotCar -1 -1 -10 773 110 843 170 -1 -1 -1 -1000 -1000 -1000 -10
NotCar -1 -1 -10 993 110 1063 170 -1 -1 -1 -1000 -1000 -1000 -10
NotCar -1 -1 -10 140 120 210 180 -1 -1 -1 -1000 -1000 -1000 -10
NotCar -1 -1 -10 993 120 1063 180 -1 -1 -1 -1000 -1000 -1000 -10
NotCar -1 -1 -10 0 130 70 190 -1 -1 -1 -1000 -1000 -1000 -10
NotCar -1 -1 -10 70 130 140 190 -1 -1 -1 -1000 -1000 -1000 -10
NotCar -1 -1 -10 80 130 150 190 -1 -1 -1 -1000 -1000 -1000 -10
NotCar -1 -1 -10 140 130 210 190 -1 -1 -1 -1000 -1000 -1000 -10
NotCar -1 -1 -10 151 130 221 190 -1 -1 -1 -1000 -1000 -1000 -10
NotCar -1 -1 -10 191 130 261 190 -1 -1 -1 -1000 -1000 -1000 -10
NotCar -1 -1 -10 201 130 271 190 -1 -1 -1 -1000 -1000 -1000 -10
NotCar -1 -1 -10 221 130 291 190 -1 -1 -1 -1000 -1000 -1000 -10
NotCar -1 -1 -10 1064 130 1134 190 -1 -1 -1 -1000 -1000 -1000 -10
NotCar -1 -1 -10 90 140 160 200 -1 -1 -1 -1000 -1000 -1000 -10
NotCar -1 -1 -10 221 140 291 200 -1 -1 -1 -1000 -1000 -1000 -10
NotCar -1 -1 -10 241 140 311 200 -1 -1 -1 -1000 -1000 -1000 -10
NotCar -1 -1 -10 301 140 371 200 -1 -1 -1 -1000 -1000 -1000 -10
NotCar -1 -1 -10 311 140 381 200 -1 -1 -1 -1000 -1000 -1000 -10
NotCar -1 -1 -10 321 140 391 200 -1 -1 -1 -1000 -1000 -1000 -10
NotCar -1 -1 -10 432 140 502 200 -1 -1 -1 -1000 -1000 -1000 -10
NotCar -1 -1 -10 492 140 562 200 -1 -1 -1 -1000 -1000 -1000 -10
NotCar -1 -1 -10 502 140 572 200 -1 -1 -1 -1000 -1000 -1000 -10
NotCar -1 -1 -10 552 140 622 200 -1 -1 -1 -1000 -1000 -1000 -10
NotCar -1 -1 -10 562 140 632 200 -1 -1 -1 -1000 -1000 -1000 -10
NotCar -1 -1 -10 572 140 642 200 -1 -1 -1 -1000 -1000 -1000 -10
NotCar -1 -1 -10 582 140 652 200 -1 -1 -1 -1000 -1000 -1000 -10
NotCar -1 -1 -10 592 140 662 200 -1 -1 -1 -1000 -1000 -1000 -10
NotCar -1 -1 -10 60 151 130 211 -1 -1 -1 -1000 -1000 -1000 -10
NotCar -1 -1 -10 70 151 140 211 -1 -1 -1 -1000 -1000 -1000 -10
NotCar -1 -1 -10 221 151 291 211 -1 -1 -1 -1000 -1000 -1000 -10
NotCar -1 -1 -10 231 151 301 211 -1 -1 -1 -1000 -1000 -1000 -10
NotCar -1 -1 -10 321 151 391 211 -1 -1 -1 -1000 -1000 -1000 -10
NotCar -1 -1 -10 341 151 411 211 -1 -1 -1 -1000 -1000 -1000 -10
NotCar -1 -1 -10 502 151 572 211 -1 -1 -1 -1000 -1000 -1000 -10
NotCar -1 -1 -10 833 151 903 211 -1 -1 -1 -1000 -1000 -1000 -10
NotCar -1 -1 -10 50 161 120 221 -1 -1 -1 -1000 -1000 -1000 -10
NotCar -1 -1 -10 60 161 130 221 -1 -1 -1 -1000 -1000 -1000 -10
NotCar -1 -1 -10 70 161 140 221 -1 -1 -1 -1000 -1000 -1000 -10
NotCar -1 -1 -10 231 161 301 221 -1 -1 -1 -1000 -1000 -1000 -10
NotCar -1 -1 -10 341 161 411 221 -1 -1 -1 -1000 -1000 -1000 -10
NotCar -1 -1 -10 421 161 491 221 -1 -1 -1 -1000 -1000 -1000 -10
NotCar -1 -1 -10 492 161 562 221 -1 -1 -1 -1000 -1000 -1000 -10
NotCar -1 -1 -10 502 161 572 221 -1 -1 -1 -1000 -1000 -1000 -10
NotCar -1 -1 -10 512 161 582 221 -1 -1 -1 -1000 -1000 -1000 -10
NotCar -1 -1 -10 652 161 722 221 -1 -1 -1 -1000 -1000 -1000 -10
NotCar -1 -1 -10 662 161 732 221 -1 -1 -1 -1000 -1000 -1000 -10
NotCar -1 -1 -10 833 161 903 221 -1 -1 -1 -1000 -1000 -1000 -10
NotCar -1 -1 -10 381 171 451 231 -1 -1 -1 -1000 -1000 -1000 -10
NotCar -1 -1 -10 421 171 491 231 -1 -1 -1 -1000 -1000 -1000 -10
NotCar -1 -1 -10 432 171 502 231 -1 -1 -1 -1000 -1000 -1000 -10
NotCar -1 -1 -10 743 171 813 231 -1 -1 -1 -1000 -1000 -1000 -10
NotCar -1 -1 -10 753 181 823 241 -1 -1 -1 -1000 -1000 -1000 -10
NotCar -1 -1 -10 1124 181 1194 241 -1 -1 -1 -1000 -1000 -1000 -10
NotCar -1 -1 -10 211 191 281 251 -1 -1 -1 -1000 -1000 -1000 -10
NotCar -1 -1 -10 221 191 291 251 -1 -1 -1 -1000 -1000 -1000 -10
NotCar -1 -1 -10 1124 191 1194 251 -1 -1 -1 -1000 -1000 -1000 -10
NotCar -1 -1 -10 0 201 70 261 -1 -1 -1 -1000 -1000 -1000 -10
NotCar -1 -1 -10 221 201 291 261 -1 -1 -1 -1000 -1000 -1000 -10
NotCar -1 -1 -10 0 211 70 271 -1 -1 -1 -1000 -1000 -1000 -10
NotCar -1 -1 -10 0 241 70 301 -1 -1 -1 -1000 -1000 -1000 -10
NotCar -1 -1 -10 562 261 632 321 -1 -1 -1 -1000 -1000 -1000 -10
NotCar -1 -1 -10 562 271 632 331 -1 -1 -1 -1000 -1000 -1000 -10
NotCar -1 -1 -10 572 271 642 331 -1 -1 -1 -1000 -1000 -1000 -10
NotCar -1 -1 -10 1124 0 1203 67 -1 -1 -1 -1000 -1000 -1000 -10
NotCar -1 -1 -10 405 34 484 101 -1 -1 -1 -1000 -1000 -1000 -10
NotCar -1 -1 -10 360 56 439 123 -1 -1 -1 -1000 -1000 -1000 -10
NotCar -1 -1 -10 1045 56 1124 123 -1 -1 -1 -1000 -1000 -1000 -10
NotCar -1 -1 -10 1057 56 1136 123 -1 -1 -1 -1000 -1000 -1000 -10
NotCar -1 -1 -10 191 67 270 134 -1 -1 -1 -1000 -1000 -1000 -10
NotCar -1 -1 -10 202 67 281 134 -1 -1 -1 -1000 -1000 -1000 -10
NotCar -1 -1 -10 79 79 158 146 -1 -1 -1 -1000 -1000 -1000 -10
NotCar -1 -1 -10 135 79 214 146 -1 -1 -1 -1000 -1000 -1000 -10
NotCar -1 -1 -10 1000 79 1079 146 -1 -1 -1 -1000 -1000 -1000 -10
NotCar -1 -1 -10 146 90 225 157 -1 -1 -1 -1000 -1000 -1000 -10
NotCar -1 -1 -10 989 90 1068 157 -1 -1 -1 -1000 -1000 -1000 -10
NotCar -1 -1 -10 1000 90 1079 157 -1 -1 -1 -1000 -1000 -1000 -10
NotCar -1 -1 -10 303 101 382 168 -1 -1 -1 -1000 -1000 -1000 -10
NotCar -1 -1 -10 764 101 843 168 -1 -1 -1 -1000 -1000 -1000 -10
NotCar -1 -1 -10 776 101 855 168 -1 -1 -1 -1000 -1000 -1000 -10
NotCar -1 -1 -10 1000 101 1079 168 -1 -1 -1 -1000 -1000 -1000 -10
NotCar -1 -1 -10 0 112 79 179 -1 -1 -1 -1000 -1000 -1000 -10
NotCar -1 -1 -10 67 112 146 179 -1 -1 -1 -1000 -1000 -1000 -10
NotCar -1 -1 -10 79 112 158 179 -1 -1 -1 -1000 -1000 -1000 -10
NotCar -1 -1 -10 146 112 225 179 -1 -1 -1 -1000 -1000 -1000 -10
NotCar -1 -1 -10 191 112 270 179 -1 -1 -1 -1000 -1000 -1000 -10
NotCar -1 -1 -10 214 112 293 179 -1 -1 -1 -1000 -1000 -1000 -10
NotCar -1 -1 -10 225 112 304 179 -1 -1 -1 -1000 -1000 -1000 -10
NotCar -1 -1 -10 270 112 349 179 -1 -1 -1 -1000 -1000 -1000 -10
NotCar -1 -1 -10 776 112 855 179 -1 -1 -1 -1000 -1000 -1000 -10
NotCar -1 -1 -10 787 112 866 179 -1 -1 -1 -1000 -1000 -1000 -10
NotCar -1 -1 -10 67 124 146 191 -1 -1 -1 -1000 -1000 -1000 -10
NotCar -1 -1 -10 79 124 158 191 -1 -1 -1 -1000 -1000 -1000 -10
NotCar -1 -1 -10 191 124 270 191 -1 -1 -1 -1000 -1000 -1000 -10
NotCar -1 -1 -10 214 124 293 191 -1 -1 -1 -1000 -1000 -1000 -10
NotCar -1 -1 -10 225 124 304 191 -1 -1 -1 -1000 -1000 -1000 -10
NotCar -1 -1 -10 1057 124 1136 191 -1 -1 -1 -1000 -1000 -1000 -10
NotCar -1 -1 -10 270 135 349 202 -1 -1 -1 -1000 -1000 -1000 -10
NotCar -1 -1 -10 281 135 360 202 -1 -1 -1 -1000 -1000 -1000 -10
NotCar -1 -1 -10 292 135 371 202 -1 -1 -1 -1000 -1000 -1000 -10
NotCar -1 -1 -10 303 135 382 202 -1 -1 -1 -1000 -1000 -1000 -10
NotCar -1 -1 -10 315 135 394 202 -1 -1 -1 -1000 -1000 -1000 -10
NotCar -1 -1 -10 427 135 506 202 -1 -1 -1 -1000 -1000 -1000 -10
NotCar -1 -1 -10 551 135 630 202 -1 -1 -1 -1000 -1000 -1000 -10
NotCar -1 -1 -10 562 135 641 202 -1 -1 -1 -1000 -1000 -1000 -10
NotCar -1 -1 -10 573 135 652 202 -1 -1 -1 -1000 -1000 -1000 -10
NotCar -1 -1 -10 584 135 663 202 -1 -1 -1 -1000 -1000 -1000 -10
NotCar -1 -1 -10 56 146 135 213 -1 -1 -1 -1000 -1000 -1000 -10
NotCar -1 -1 -10 67 146 146 213 -1 -1 -1 -1000 -1000 -1000 -10
NotCar -1 -1 -10 202 146 281 213 -1 -1 -1 -1000 -1000 -1000 -10
NotCar -1 -1 -10 214 146 293 213 -1 -1 -1 -1000 -1000 -1000 -10
NotCar -1 -1 -10 225 146 304 213 -1 -1 -1 -1000 -1000 -1000 -10
NotCar -1 -1 -10 281 146 360 213 -1 -1 -1 -1000 -1000 -1000 -10
NotCar -1 -1 -10 292 146 371 213 -1 -1 -1 -1000 -1000 -1000 -10
NotCar -1 -1 -10 303 146 382 213 -1 -1 -1 -1000 -1000 -1000 -10
NotCar -1 -1 -10 315 146 394 213 -1 -1 -1 -1000 -1000 -1000 -10
NotCar -1 -1 -10 326 146 405 213 -1 -1 -1 -1000 -1000 -1000 -10
NotCar -1 -1 -10 337 146 416 213 -1 -1 -1 -1000 -1000 -1000 -10
NotCar -1 -1 -10 495 146 574 213 -1 -1 -1 -1000 -1000 -1000 -10
NotCar -1 -1 -10 506 146 585 213 -1 -1 -1 -1000 -1000 -1000 -10
NotCar -1 -1 -10 45 157 124 224 -1 -1 -1 -1000 -1000 -1000 -10
NotCar -1 -1 -10 56 157 135 224 -1 -1 -1 -1000 -1000 -1000 -10
NotCar -1 -1 -10 67 157 146 224 -1 -1 -1 -1000 -1000 -1000 -10
NotCar -1 -1 -10 202 157 281 224 -1 -1 -1 -1000 -1000 -1000 -10
NotCar -1 -1 -10 225 157 304 224 -1 -1 -1 -1000 -1000 -1000 -10
NotCar -1 -1 -10 315 157 394 224 -1 -1 -1 -1000 -1000 -1000 -10
NotCar -1 -1 -10 326 157 405 224 -1 -1 -1 -1000 -1000 -1000 -10
NotCar -1 -1 -10 371 157 450 224 -1 -1 -1 -1000 -1000 -1000 -10
NotCar -1 -1 -10 495 157 574 224 -1 -1 -1 -1000 -1000 -1000 -10
NotCar -1 -1 -10 506 157 585 224 -1 -1 -1 -1000 -1000 -1000 -10
NotCar -1 -1 -10 832 157 911 224 -1 -1 -1 -1000 -1000 -1000 -10
NotCar -1 -1 -10 67 169 146 236 -1 -1 -1 -1000 -1000 -1000 -10
NotCar -1 -1 -10 742 169 821 236 -1 -1 -1 -1000 -1000 -1000 -10
NotCar -1 -1 -10 214 191 293 258 -1 -1 -1 -1000 -1000 -1000 -10
NotCar -1 -1 -10 1113 191 1192 258 -1 -1 -1 -1000 -1000 -1000 -10
NotCar -1 -1 -10 1135 191 1214 258 -1 -1 -1 -1000 -1000 -1000 -10
NotCar -1 -1 -10 0 202 79 269 -1 -1 -1 -1000 -1000 -1000 -10
NotCar -1 -1 -10 1057 0 1145 76 -1 -1 -1 -1000 -1000 -1000 -10
NotCar -1 -1 -10 1108 25 1196 101 -1 -1 -1 -1000 -1000 -1000 -10
NotCar -1 -1 -10 76 63 164 139 -1 -1 -1 -1000 -1000 -1000 -10
NotCar -1 -1 -10 138 63 226 139 -1 -1 -1 -1000 -1000 -1000 -10
NotCar -1 -1 -10 189 63 277 139 -1 -1 -1 -1000 -1000 -1000 -10
NotCar -1 -1 -10 201 63 289 139 -1 -1 -1 -1000 -1000 -1000 -10
NotCar -1 -1 -10 76 76 164 152 -1 -1 -1 -1000 -1000 -1000 -10
NotCar -1 -1 -10 138 76 226 152 -1 -1 -1 -1000 -1000 -1000 -10
NotCar -1 -1 -10 629 76 717 152 -1 -1 -1 -1000 -1000 -1000 -10
NotCar -1 -1 -10 138 88 226 164 -1 -1 -1 -1000 -1000 -1000 -10
NotCar -1 -1 -10 994 88 1082 164 -1 -1 -1 -1000 -1000 -1000 -10
NotCar -1 -1 -10 76 101 164 177 -1 -1 -1 -1000 -1000 -1000 -10
NotCar -1 -1 -10 189 101 277 177 -1 -1 -1 -1000 -1000 -1000 -10
NotCar -1 -1 -10 0 113 88 189 -1 -1 -1 -1000 -1000 -1000 -10
NotCar -1 -1 -10 63 113 151 189 -1 -1 -1 -1000 -1000 -1000 -10
NotCar -1 -1 -10 76 113 164 189 -1 -1 -1 -1000 -1000 -1000 -10
NotCar -1 -1 -10 214 113 302 189 -1 -1 -1 -1000 -1000 -1000 -10
NotCar -1 -1 -10 227 113 315 189 -1 -1 -1 -1000 -1000 -1000 -10
NotCar -1 -1 -10 264 113 352 189 -1 -1 -1 -1000 -1000 -1000 -10
NotCar -1 -1 -10 1057 113 1145 189 -1 -1 -1 -1000 -1000 -1000 -10
NotCar -1 -1 -10 0 126 88 202 -1 -1 -1 -1000 -1000 -1000 -10
NotCar -1 -1 -10 76 126 164 202 -1 -1 -1 -1000 -1000 -1000 -10
NotCar -1 -1 -10 138 126 226 202 -1 -1 -1 -1000 -1000 -1000 -10
NotCar -1 -1 -10 189 126 277 202 -1 -1 -1 -1000 -1000 -1000 -10
NotCar -1 -1 -10 201 126 289 202 -1 -1 -1 -1000 -1000 -1000 -10
NotCar -1 -1 -10 214 126 302 202 -1 -1 -1 -1000 -1000 -1000 -10
NotCar -1 -1 -10 227 126 315 202 -1 -1 -1 -1000 -1000 -1000 -10
NotCar -1 -1 -10 264 126 352 202 -1 -1 -1 -1000 -1000 -1000 -10
NotCar -1 -1 -10 290 126 378 202 -1 -1 -1 -1000 -1000 -1000 -10
NotCar -1 -1 -10 201 138 289 214 -1 -1 -1 -1000 -1000 -1000 -10
NotCar -1 -1 -10 214 138 302 214 -1 -1 -1 -1000 -1000 -1000 -10
NotCar -1 -1 -10 227 138 315 214 -1 -1 -1 -1000 -1000 -1000 -10
NotCar -1 -1 -10 315 138 403 214 -1 -1 -1 -1000 -1000 -1000 -10
NotCar -1 -1 -10 327 138 415 214 -1 -1 -1 -1000 -1000 -1000 -10
NotCar -1 -1 -10 340 138 428 214 -1 -1 -1 -1000 -1000 -1000 -10
NotCar -1 -1 -10 365 138 453 214 -1 -1 -1 -1000 -1000 -1000 -10
NotCar -1 -1 -10 415 138 503 214 -1 -1 -1 -1000 -1000 -1000 -10
NotCar -1 -1 -10 504 138 592 214 -1 -1 -1 -1000 -1000 -1000 -10
NotCar -1 -1 -10 38 151 126 227 -1 -1 -1 -1000 -1000 -1000 -10
NotCar -1 -1 -10 50 151 138 227 -1 -1 -1 -1000 -1000 -1000 -10
NotCar -1 -1 -10 63 151 151 227 -1 -1 -1 -1000 -1000 -1000 -10
NotCar -1 -1 -10 214 151 302 227 -1 -1 -1 -1000 -1000 -1000 -10
NotCar -1 -1 -10 315 151 403 227 -1 -1 -1 -1000 -1000 -1000 -10
NotCar -1 -1 -10 327 151 415 227 -1 -1 -1 -1000 -1000 -1000 -10
NotCar -1 -1 -10 340 151 428 227 -1 -1 -1 -1000 -1000 -1000 -10
NotCar -1 -1 -10 352 151 440 227 -1 -1 -1 -1000 -1000 -1000 -10
NotCar -1 -1 -10 365 151 453 227 -1 -1 -1 -1000 -1000 -1000 -10
NotCar -1 -1 -10 415 151 503 227 -1 -1 -1 -1000 -1000 -1000 -10
NotCar -1 -1 -10 428 151 516 227 -1 -1 -1 -1000 -1000 -1000 -10
NotCar -1 -1 -10 491 151 579 227 -1 -1 -1 -1000 -1000 -1000 -10
NotCar -1 -1 -10 504 151 592 227 -1 -1 -1 -1000 -1000 -1000 -10
NotCar -1 -1 -10 881 151 969 227 -1 -1 -1 -1000 -1000 -1000 -10
NotCar -1 -1 -10 63 164 151 240 -1 -1 -1 -1000 -1000 -1000 -10
NotCar -1 -1 -10 340 164 428 240 -1 -1 -1 -1000 -1000 -1000 -10
NotCar -1 -1 -10 730 164 818 240 -1 -1 -1 -1000 -1000 -1000 -10
NotCar -1 -1 -10 881 164 969 240 -1 -1 -1 -1000 -1000 -1000 -10
NotCar -1 -1 -10 201 189 289 265 -1 -1 -1 -1000 -1000 -1000 -10
NotCar -1 -1 -10 214 189 302 265 -1 -1 -1 -1000 -1000 -1000 -10
NotCar -1 -1 -10 1133 189 1221 265 -1 -1 -1 -1000 -1000 -1000 -10
NotCar -1 -1 -10 620 42 719 127 -1 -1 -1 -1000 -1000 -1000 -10
NotCar -1 -1 -10 70 56 169 141 -1 -1 -1 -1000 -1000 -1000 -10
NotCar -1 -1 -10 127 85 226 170 -1 -1 -1 -1000 -1000 -1000 -10
NotCar -1 -1 -10 0 99 99 184 -1 -1 -1 -1000 -1000 -1000 -10
NotCar -1 -1 -10 56 99 155 184 -1 -1 -1 -1000 -1000 -1000 -10
NotCar -1 -1 -10 183 99 282 184 -1 -1 -1 -1000 -1000 -1000 -10
NotCar -1 -1 -10 197 99 296 184 -1 -1 -1 -1000 -1000 -1000 -10
NotCar -1 -1 -10 211 99 310 184 -1 -1 -1 -1000 -1000 -1000 -10
NotCar -1 -1 -10 761 99 860 184 -1 -1 -1 -1000 -1000 -1000 -10
NotCar -1 -1 -10 775 99 874 184 -1 -1 -1 -1000 -1000 -1000 -10
NotCar -1 -1 -10 0 113 99 198 -1 -1 -1 -1000 -1000 -1000 -10
NotCar -1 -1 -10 70 113 169 198 -1 -1 -1 -1000 -1000 -1000 -10
NotCar -1 -1 -10 141 113 240 198 -1 -1 -1 -1000 -1000 -1000 -10
NotCar -1 -1 -10 197 113 296 198 -1 -1 -1 -1000 -1000 -1000 -10
NotCar -1 -1 -10 211 113 310 198 -1 -1 -1 -1000 -1000 -1000 -10
NotCar -1 -1 -10 226 113 325 198 -1 -1 -1 -1000 -1000 -1000 -10
NotCar -1 -1 -10 1086 113 1185 198 -1 -1 -1 -1000 -1000 -1000 -10
NotCar -1 -1 -10 141 127 240 212 -1 -1 -1 -1000 -1000 -1000 -10
NotCar -1 -1 -10 197 127 296 212 -1 -1 -1 -1000 -1000 -1000 -10
NotCar -1 -1 -10 211 127 310 212 -1 -1 -1 -1000 -1000 -1000 -10
NotCar -1 -1 -10 226 127 325 212 -1 -1 -1 -1000 -1000 -1000 -10
NotCar -1 -1 -10 268 127 367 212 -1 -1 -1 -1000 -1000 -1000 -10
NotCar -1 -1 -10 282 127 381 212 -1 -1 -1 -1000 -1000 -1000 -10
NotCar -1 -1 -10 310 127 409 212 -1 -1 -1 -1000 -1000 -1000 -10
NotCar -1 -1 -10 324 127 423 212 -1 -1 -1 -1000 -1000 -1000 -10
NotCar -1 -1 -10 423 127 522 212 -1 -1 -1 -1000 -1000 -1000 -10
NotCar -1 -1 -10 437 127 536 212 -1 -1 -1 -1000 -1000 -1000 -10
NotCar -1 -1 -10 536 127 635 212 -1 -1 -1 -1000 -1000 -1000 -10
NotCar -1 -1 -10 550 127 649 212 -1 -1 -1 -1000 -1000 -1000 -10
NotCar -1 -1 -10 42 141 141 226 -1 -1 -1 -1000 -1000 -1000 -10
NotCar -1 -1 -10 56 141 155 226 -1 -1 -1 -1000 -1000 -1000 -10
NotCar -1 -1 -10 70 141 169 226 -1 -1 -1 -1000 -1000 -1000 -10
NotCar -1 -1 -10 197 141 296 226 -1 -1 -1 -1000 -1000 -1000 -10
NotCar -1 -1 -10 211 141 310 226 -1 -1 -1 -1000 -1000 -1000 -10
NotCar -1 -1 -10 282 141 381 226 -1 -1 -1 -1000 -1000 -1000 -10
NotCar -1 -1 -10 310 141 409 226 -1 -1 -1 -1000 -1000 -1000 -10
NotCar -1 -1 -10 324 141 423 226 -1 -1 -1 -1000 -1000 -1000 -10
NotCar -1 -1 -10 338 141 437 226 -1 -1 -1 -1000 -1000 -1000 -10
NotCar -1 -1 -10 352 141 451 226 -1 -1 -1 -1000 -1000 -1000 -10
NotCar -1 -1 -10 423 141 522 226 -1 -1 -1 -1000 -1000 -1000 -10
NotCar -1 -1 -10 493 141 592 226 -1 -1 -1 -1000 -1000 -1000 -10
NotCar -1 -1 -10 508 141 607 226 -1 -1 -1 -1000 -1000 -1000 -10
NotCar -1 -1 -10 550 141 649 226 -1 -1 -1 -1000 -1000 -1000 -10
NotCar -1 -1 -10 42 155 141 240 -1 -1 -1 -1000 -1000 -1000 -10
NotCar -1 -1 -10 56 155 155 240 -1 -1 -1 -1000 -1000 -1000 -10
NotCar -1 -1 -10 70 155 169 240 -1 -1 -1 -1000 -1000 -1000 -10
NotCar -1 -1 -10 85 155 184 240 -1 -1 -1 -1000 -1000 -1000 -10
NotCar -1 -1 -10 197 155 296 240 -1 -1 -1 -1000 -1000 -1000 -10
NotCar -1 -1 -10 324 155 423 240 -1 -1 -1 -1000 -1000 -1000 -10
NotCar -1 -1 -10 338 155 437 240 -1 -1 -1 -1000 -1000 -1000 -10
NotCar -1 -1 -10 747 155 846 240 -1 -1 -1 -1000 -1000 -1000 -10
NotCar -1 -1 -10 197 169 296 254 -1 -1 -1 -1000 -1000 -1000 -10
NotCar -1 -1 -10 197 183 296 268 -1 -1 -1 -1000 -1000 -1000 -10
NotCar -1 -1 -10 211 183 310 268 -1 -1 -1 -1000 -1000 -1000 -10
NotCar -1 -1 -10 141 211 240 296 -1 -1 -1 -1000 -1000 -1000 -10
NotCar -1 -1 -10 550 254 649 339 -1 -1 -1 -1000 -1000 -1000 -10
NotCar -1 -1 -10 564 254 663 339 -1 -1 -1 -1000 -1000 -1000 -10
NotCar -1 -1 -10 63 32 174 127 -1 -1 -1 -1000 -1000 -1000 -10
NotCar -1 -1 -10 174 63 285 158 -1 -1 -1 -1000 -1000 -1000 -10
NotCar -1 -1 -10 189 63 300 158 -1 -1 -1 -1000 -1000 -1000 -10
NotCar -1 -1 -10 63 79 174 174 -1 -1 -1 -1000 -1000 -1000 -10
NotCar -1 -1 -10 189 95 300 190 -1 -1 -1 -1000 -1000 -1000 -10
NotCar -1 -1 -10 205 95 316 190 -1 -1 -1 -1000 -1000 -1000 -10
NotCar -1 -1 -10 268 95 379 190 -1 -1 -1 -1000 -1000 -1000 -10
NotCar -1 -1 -10 758 95 869 190 -1 -1 -1 -1000 -1000 -1000 -10
NotCar -1 -1 -10 142 111 253 206 -1 -1 -1 -1000 -1000 -1000 -10
NotCar -1 -1 -10 158 111 269 206 -1 -1 -1 -1000 -1000 -1000 -10
NotCar -1 -1 -10 189 111 300 206 -1 -1 -1 -1000 -1000 -1000 -10
NotCar -1 -1 -10 205 111 316 206 -1 -1 -1 -1000 -1000 -1000 -10
NotCar -1 -1 -10 0 126 111 221 -1 -1 -1 -1000 -1000 -1000 -10
NotCar -1 -1 -10 189 126 300 221 -1 -1 -1 -1000 -1000 -1000 -10
NotCar -1 -1 -10 205 126 316 221 -1 -1 -1 -1000 -1000 -1000 -10
NotCar -1 -1 -10 268 126 379 221 -1 -1 -1 -1000 -1000 -1000 -10
NotCar -1 -1 -10 316 126 427 221 -1 -1 -1 -1000 -1000 -1000 -10
NotCar -1 -1 -10 332 126 443 221 -1 -1 -1 -1000 -1000 -1000 -10
NotCar -1 -1 -10 411 126 522 221 -1 -1 -1 -1000 -1000 -1000 -10
NotCar -1 -1 -10 426 126 537 221 -1 -1 -1 -1000 -1000 -1000 -10
NotCar -1 -1 -10 490 126 601 221 -1 -1 -1 -1000 -1000 -1000 -10
NotCar -1 -1 -10 505 126 616 221 -1 -1 -1 -1000 -1000 -1000 -10
NotCar -1 -1 -10 821 126 932 221 -1 -1 -1 -1000 -1000 -1000 -10
NotCar -1 -1 -10 47 142 158 237 -1 -1 -1 -1000 -1000 -1000 -10
NotCar -1 -1 -10 63 142 174 237 -1 -1 -1 -1000 -1000 -1000 -10
NotCar -1 -1 -10 79 142 190 237 -1 -1 -1 -1000 -1000 -1000 -10
NotCar -1 -1 -10 205 142 316 237 -1 -1 -1 -1000 -1000 -1000 -10
NotCar -1 -1 -10 300 142 411 237 -1 -1 -1 -1000 -1000 -1000 -10
NotCar -1 -1 -10 316 142 427 237 -1 -1 -1 -1000 -1000 -1000 -10
NotCar -1 -1 -10 332 142 443 237 -1 -1 -1 -1000 -1000 -1000 -10
NotCar -1 -1 -10 347 142 458 237 -1 -1 -1 -1000 -1000 -1000 -10
NotCar -1 -1 -10 363 142 474 237 -1 -1 -1 -1000 -1000 -1000 -10
NotCar -1 -1 -10 411 142 522 237 -1 -1 -1 -1000 -1000 -1000 -10
NotCar -1 -1 -10 726 142 837 237 -1 -1 -1 -1000 -1000 -1000 -10
NotCar -1 -1 -10 742 142 853 237 -1 -1 -1 -1000 -1000 -1000 -10
NotCar -1 -1 -10 32 158 143 253 -1 -1 -1 -1000 -1000 -1000 -10
NotCar -1 -1 -10 47 158 158 253 -1 -1 -1 -1000 -1000 -1000 -10
NotCar -1 -1 -10 63 158 174 253 -1 -1 -1 -1000 -1000 -1000 -10
NotCar -1 -1 -10 742 174 853 269 -1 -1 -1 -1000 -1000 -1000 -10
NotCar -1 -1 -10 647 237 758 332 -1 -1 -1 -1000 -1000 -1000 -10
NotCar -1 -1 -10 53 35 177 141 -1 -1 -1 -1000 -1000 -1000 -10
NotCar -1 -1 -10 35 53 159 159 -1 -1 -1 -1000 -1000 -1000 -10
NotCar -1 -1 -10 53 53 177 159 -1 -1 -1 -1000 -1000 -1000 -10
NotCar -1 -1 -10 71 53 195 159 -1 -1 -1 -1000 -1000 -1000 -10
NotCar -1 -1 -10 601 53 725 159 -1 -1 -1 -1000 -1000 -1000 -10
NotCar -1 -1 -10 743 71 867 177 -1 -1 -1 -1000 -1000 -1000 -10
NotCar -1 -1 -10 53 88 177 194 -1 -1 -1 -1000 -1000 -1000 -10
NotCar -1 -1 -10 195 88 319 194 -1 -1 -1 -1000 -1000 -1000 -10
NotCar -1 -1 -10 53 106 177 212 -1 -1 -1 -1000 -1000 -1000 -10
NotCar -1 -1 -10 195 106 319 212 -1 -1 -1 -1000 -1000 -1000 -10
NotCar -1 -1 -10 195 124 319 230 -1 -1 -1 -1000 -1000 -1000 -10
NotCar -1 -1 -10 265 124 389 230 -1 -1 -1 -1000 -1000 -1000 -10
NotCar -1 -1 -10 301 124 425 230 -1 -1 -1 -1000 -1000 -1000 -10
NotCar -1 -1 -10 318 124 442 230 -1 -1 -1 -1000 -1000 -1000 -10
NotCar -1 -1 -10 336 124 460 230 -1 -1 -1 -1000 -1000 -1000 -10
NotCar -1 -1 -10 371 124 495 230 -1 -1 -1 -1000 -1000 -1000 -10
NotCar -1 -1 -10 407 124 531 230 -1 -1 -1 -1000 -1000 -1000 -10
NotCar -1 -1 -10 478 124 602 230 -1 -1 -1 -1000 -1000 -1000 -10
NotCar -1 -1 -10 495 124 619 230 -1 -1 -1 -1000 -1000 -1000 -10
NotCar -1 -1 -10 35 141 159 247 -1 -1 -1 -1000 -1000 -1000 -10
NotCar -1 -1 -10 53 141 177 247 -1 -1 -1 -1000 -1000 -1000 -10
NotCar -1 -1 -10 71 141 195 247 -1 -1 -1 -1000 -1000 -1000 -10
NotCar -1 -1 -10 195 141 319 247 -1 -1 -1 -1000 -1000 -1000 -10
NotCar -1 -1 -10 336 141 460 247 -1 -1 -1 -1000 -1000 -1000 -10
NotCar -1 -1 -10 195 159 319 265 -1 -1 -1 -1000 -1000 -1000 -10
NotCar -1 -1 -10 40 40 179 159 -1 -1 -1 -1000 -1000 -1000 -10
NotCar -1 -1 -10 59 40 198 159 -1 -1 -1 -1000 -1000 -1000 -10
NotCar -1 -1 -10 594 40 733 159 -1 -1 -1 -1000 -1000 -1000 -10
NotCar -1 -1 -10 40 59 179 178 -1 -1 -1 -1000 -1000 -1000 -10
NotCar -1 -1 -10 158 59 297 178 -1 -1 -1 -1000 -1000 -1000 -10
NotCar -1 -1 -10 178 59 317 178 -1 -1 -1 -1000 -1000 -1000 -10
NotCar -1 -1 -10 40 79 179 198 -1 -1 -1 -1000 -1000 -1000 -10
NotCar -1 -1 -10 158 79 297 198 -1 -1 -1 -1000 -1000 -1000 -10
NotCar -1 -1 -10 971 79 1110 198 -1 -1 -1 -1000 -1000 -1000 -10
NotCar -1 -1 -10 40 99 179 218 -1 -1 -1 -1000 -1000 -1000 -10
NotCar -1 -1 -10 178 99 317 218 -1 -1 -1 -1000 -1000 -1000 -10
NotCar -1 -1 -10 198 99 337 218 -1 -1 -1 -1000 -1000 -1000 -10
NotCar -1 -1 -10 178 119 317 238 -1 -1 -1 -1000 -1000 -1000 -10
NotCar -1 -1 -10 198 119 337 238 -1 -1 -1 -1000 -1000 -1000 -10
NotCar -1 -1 -10 238 119 377 238 -1 -1 -1 -1000 -1000 -1000 -10
NotCar -1 -1 -10 258 119 397 238 -1 -1 -1 -1000 -1000 -1000 -10
NotCar -1 -1 -10 277 119 416 238 -1 -1 -1 -1000 -1000 -1000 -10
NotCar -1 -1 -10 297 119 436 238 -1 -1 -1 -1000 -1000 -1000 -10
NotCar -1 -1 -10 317 119 456 238 -1 -1 -1 -1000 -1000 -1000 -10
NotCar -1 -1 -10 337 119 476 238 -1 -1 -1 -1000 -1000 -1000 -10
NotCar -1 -1 -10 396 119 535 238 -1 -1 -1 -1000 -1000 -1000 -10
NotCar -1 -1 -10 416 119 555 238 -1 -1 -1 -1000 -1000 -1000 -10
NotCar -1 -1 -10 475 119 614 238 -1 -1 -1 -1000 -1000 -1000 -10
NotCar -1 -1 -10 20 139 159 258 -1 -1 -1 -1000 -1000 -1000 -10
NotCar -1 -1 -10 40 139 179 258 -1 -1 -1 -1000 -1000 -1000 -10
NotCar -1 -1 -10 59 139 198 258 -1 -1 -1 -1000 -1000 -1000 -10
NotCar -1 -1 -10 198 139 337 258 -1 -1 -1 -1000 -1000 -1000 -10
NotCar -1 -1 -10 733 158 872 277 -1 -1 -1 -1000 -1000 -1000 -10
NotCar -1 -1 -10 22 22 177 155 -1 -1 -1 -1000 -1000 -1000 -10
NotCar -1 -1 -10 44 22 199 155 -1 -1 -1 -1000 -1000 -1000 -10
NotCar -1 -1 -10 67 22 222 155 -1 -1 -1 -1000 -1000 -1000 -10
NotCar -1 -1 -10 22 44 177 177 -1 -1 -1 -1000 -1000 -1000 -10
NotCar -1 -1 -10 44 44 199 177 -1 -1 -1 -1000 -1000 -1000 -10
NotCar -1 -1 -10 67 44 222 177 -1 -1 -1 -1000 -1000 -1000 -10
NotCar -1 -1 -10 155 44 310 177 -1 -1 -1 -1000 -1000 -1000 -10
NotCar -1 -1 -10 155 67 310 200 -1 -1 -1 -1000 -1000 -1000 -10
NotCar -1 -1 -10 177 67 332 200 -1 -1 -1 -1000 -1000 -1000 -10
NotCar -1 -1 -10 200 67 355 200 -1 -1 -1 -1000 -1000 -1000 -10
NotCar -1 -1 -10 244 67 399 200 -1 -1 -1 -1000 -1000 -1000 -10
NotCar -1 -1 -10 954 67 1109 200 -1 -1 -1 -1000 -1000 -1000 -10
NotCar -1 -1 -10 22 89 177 222 -1 -1 -1 -1000 -1000 -1000 -10
NotCar -1 -1 -10 22 111 177 244 -1 -1 -1 -1000 -1000 -1000 -10
NotCar -1 -1 -10 44 111 199 244 -1 -1 -1 -1000 -1000 -1000 -10
NotCar -1 -1 -10 244 111 399 244 -1 -1 -1 -1000 -1000 -1000 -10
NotCar -1 -1 -10 266 111 421 244 -1 -1 -1 -1000 -1000 -1000 -10
NotCar -1 -1 -10 288 111 443 244 -1 -1 -1 -1000 -1000 -1000 -10
NotCar -1 -1 -10 311 111 466 244 -1 -1 -1 -1000 -1000 -1000 -10
NotCar -1 -1 -10 22 133 177 266 -1 -1 -1 -1000 -1000 -1000 -10
NotCar -1 -1 -10 111 177 266 310 -1 -1 -1 -1000 -1000 -1000 -10
NotCar -1 -1 -10 25 25 199 174 -1 -1 -1 -1000 -1000 -1000 -10
NotCar -1 -1 -10 50 25 224 174 -1 -1 -1 -1000 -1000 -1000 -10
NotCar -1 -1 -10 25 50 199 199 -1 -1 -1 -1000 -1000 -1000 -10
NotCar -1 -1 -10 124 50 298 199 -1 -1 -1 -1000 -1000 -1000 -10
NotCar -1 -1 -10 149 50 323 199 -1 -1 -1 -1000 -1000 -1000 -10
NotCar -1 -1 -10 174 50 348 199 -1 -1 -1 -1000 -1000 -1000 -10
NotCar -1 -1 -10 25 75 199 224 -1 -1 -1 -1000 -1000 -1000 -10
NotCar -1 -1 -10 149 75 323 224 -1 -1 -1 -1000 -1000 -1000 -10
NotCar -1 -1 -10 174 75 348 224 -1 -1 -1 -1000 -1000 -1000 -10
NotCar -1 -1 -10 969 75 1143 224 -1 -1 -1 -1000 -1000 -1000 -10
NotCar -1 -1 -10 25 99 199 248 -1 -1 -1 -1000 -1000 -1000 -10
NotCar -1 -1 -10 199 99 373 248 -1 -1 -1 -1000 -1000 -1000 -10
NotCar -1 -1 -10 224 99 398 248 -1 -1 -1 -1000 -1000 -1000 -10
NotCar -1 -1 -10 248 99 422 248 -1 -1 -1 -1000 -1000 -1000 -10
NotCar -1 -1 -10 323 99 497 248 -1 -1 -1 -1000 -1000 -1000 -10
NotCar -1 -1 -10 820 99 994 248 -1 -1 -1 -1000 -1000 -1000 -10
NotCar -1 -1 -10 0 124 174 273 -1 -1 -1 -1000 -1000 -1000 -10
NotCar -1 -1 -10 820 124 994 273 -1 -1 -1 -1000 -1000 -1000 -10
NotCar -1 -1 -10 845 124 1019 273 -1 -1 -1 -1000 -1000 -1000 -10
NotCar -1 -1 -10 0 149 174 298 -1 -1 -1 -1000 -1000 -1000 -10
NotCar -1 -1 -10 174 149 348 298 -1 -1 -1 -1000 -1000 -1000 -10
NotCar -1 -1 -10 199 149 373 298 -1 -1 -1 -1000 -1000 -1000 -10
NotCar -1 -1 -10 820 149 994 298 -1 -1 -1 -1000 -1000 -1000 -10
NotCar -1 -1 -10 845 149 1019 298 -1 -1 -1 -1000 -1000 -1000 -10
NotCar -1 -1 -10 75 174 249 323 -1 -1 -1 -1000 -1000 -1000 -10
NotCar -1 -1 -10 28 0 223 167 -1 -1 -1 -1000 -1000 -1000 -10
NotCar -1 -1 -10 223 83 418 250 -1 -1 -1 -1000 -1000 -1000 -10
NotCar -1 -1 -10 250 83 445 250 -1 -1 -1 -1000 -1000 -1000 -10
NotCar -1 -1 -10 863 195 1058 362 -1 -1 -1 -1000 -1000 -1000 -10
NotCar -1 -1 -10 0 0 218 187 -1 -1 -1 -1000 -1000 -1000 -10
NotCar -1 -1 -10 31 0 249 187 -1 -1 -1 -1000 -1000 -1000 -10
NotCar -1 -1 -10 0 31 218 218 -1 -1 -1 -1000 -1000 -1000 -10
NotCar -1 -1 -10 31 31 249 218 -1 -1 -1 -1000 -1000 -1000 -10
NotCar -1 -1 -10 187 62 405 249 -1 -1 -1 -1000 -1000 -1000 -10
NotCar -1 -1 -10 218 62 436 249 -1 -1 -1 -1000 -1000 -1000 -10
NotCar -1 -1 -10 249 62 467 249 -1 -1 -1 -1000 -1000 -1000 -10
NotCar -1 -1 -10 125 125 343 312 -1 -1 -1 -1000 -1000 -1000 -10
NotCar -1 -1 -10 156 125 374 312 -1 -1 -1 -1000 -1000 -1000 -10
NotCar -1 -1 -10 218 125 436 312 -1 -1 -1 -1000 -1000 -1000 -10
NotCar -1 -1 -10 249 125 467 312 -1 -1 -1 -1000 -1000 -1000 -10
NotCar -1 -1 -10 62 156 280 343 -1 -1 -1 -1000 -1000 -1000 -10