NotCar -1 -1 -10 1152 40 1208 88 -1 -1 -1 -1000 -1000 -1000 -10
NotCar -1 -1 -10 880 48 936 96 -1 -1 -1 -1000 -1000 -1000 -10
NotCar -1 -1 -10 888 48 944 96 -1 -1 -1 -1000 -1000 -1000 -10
NotCar -1 -1 -10 1152 48 1208 96 -1 -1 -1 -1000 -1000 -1000 -10
NotCar -1 -1 -10 1056 88 1112 136 -1 -1 -1 -1000 -1000 -1000 -10
NotCar -1 -1 -10 728 104 784 152 -1 -1 -1 -1000 -1000 -1000 -10
NotCar -1 -1 -10 728 112 784 160 -1 -1 -1 -1000 -1000 -1000 -10
NotCar -1 -1 -10 736 112 792 160 -1 -1 -1 -1000 -1000 -1000 -10
NotCar -1 -1 -10 608 136 664 184 -1 -1 -1 -1000 -1000 -1000 -10
NotCar -1 -1 -10 24 152 80 200 -1 -1 -1 -1000 -1000 -1000 -10
NotCar -1 -1 -10 24 160 80 208 -1 -1 -1 -1000 -1000 -1000 -10
NotCar -1 -1 -10 856 160 912 208 -1 -1 -1 -1000 -1000 -1000 -10
NotCar -1 -1 -10 872 160 928 208 -1 -1 -1 -1000 -1000 -1000 -10
NotCar -1 -1 -10 880 160 936 208 -1 -1 -1 -1000 -1000 -1000 -10
NotCar -1 -1 -10 896 160 952 208 -1 -1 -1 -1000 -1000 -1000 -10
NotCar -1 -1 -10 904 160 960 208 -1 -1 -1 -1000 -1000 -1000 -10
NotCar -1 -1 -10 912 160 968 208 -1 -1 -1 -1000 -1000 -1000 -10
NotCar -1 -1 -10 24 168 80 216 -1 -1 -1 -1000 -1000 -1000 -10
NotCar -1 -1 -10 656 168 712 216 -1 -1 -1 -1000 -1000 -1000 -10
NotCar -1 -1 -10 848 168 904 216 -1 -1 -1 -1000 -1000 -1000 -10
NotCar -1 -1 -10 856 168 912 216 -1 -1 -1 -1000 -1000 -1000 -10
NotCar -1 -1 -10 864 168 920 216 -1 -1 -1 -1000 -1000 -1000 -10
NotCar -1 -1 -10 872 168 928 216 -1 -1 -1 -1000 -1000 -1000 -10
NotCar -1 -1 -10 880 168 936 216 -1 -1 -1 -1000 -1000 -1000 -10
NotCar -1 -1 -10 888 168 944 216 -1 -1 -1 -1000 -1000 -1000 -10
NotCar -1 -1 -10 896 168 952 216 -1 -1 -1 -1000 -1000 -1000 -10
NotCar -1 -1 -10 904 168 960 216 -1 -1 -1 -1000 -1000 -1000 -10
NotCar -1 -1 -10 912 168 968 216 -1 -1 -1 -1000 -1000 -1000 -10
NotCar -1 -1 -10 648 176 704 224 -1 -1 -1 -1000 -1000 -1000 -10
NotCar -1 -1 -10 656 176 712 224 -1 -1 -1 -1000 -1000 -1000 -10
NotCar -1 -1 -10 648 184 704 232 -1 -1 -1 -1000 -1000 -1000 -10
NotCar -1 -1 -10 656 184 712 232 -1 -1 -1 -1000 -1000 -1000 -10
NotCar -1 -1 -10 664 184 720 232 -1 -1 -1 -1000 -1000 -1000 -10
NotCar -1 -1 -10 504 224 560 272 -1 -1 -1 -1000 -1000 -1000 -10
NotCar -1 -1 -10 40 240 96 288 -1 -1 -1 -1000 -1000 -1000 -10
NotCar -1 -1 -10 88 240 144 288 -1 -1 -1 -1000 -1000 -1000 -10
NotCar -1 -1 -10 136 240 192 288 -1 -1 -1 -1000 -1000 -1000 -10
NotCar -1 -1 -10 920 240 976 288 -1 -1 -1 -1000 -1000 -1000 -10
NotCar -1 -1 -10 88 248 144 296 -1 -1 -1 -1000 -1000 -1000 -10
NotCar -1 -1 -10 136 248 192 296 -1 -1 -1 -1000 -1000 -1000 -10
NotCar -1 -1 -10 920 248 976 296 -1 -1 -1 -1000 -1000 -1000 -10
NotCar -1 -1 -10 80 256 136 304 -1 -1 -1 -1000 -1000 -1000 -10
NotCar -1 -1 -10 88 256 144 304 -1 -1 -1 -1000 -1000 -1000 -10
NotCar -1 -1 -10 16 264 72 312 -1 -1 -1 -1000 -1000 -1000 -10
NotCar -1 -1 -10 24 264 80 312 -1 -1 -1 -1000 -1000 -1000 -10
NotCar -1 -1 -10 40 264 96 312 -1 -1 -1 -1000 -1000 -1000 -10
NotCar -1 -1 -10 512 272 568 320 -1 -1 -1 -1000 -1000 -1000 -10
NotCar -1 -1 -10 856 280 912 328 -1 -1 -1 -1000 -1000 -1000 -10
NotCar -1 -1 -10 864 280 920 328 -1 -1 -1 -1000 -1000 -1000 -10
NotCar -1 -1 -10 88 288 144 336 -1 -1 -1 -1000 -1000 -1000 -10
NotCar -1 -1 -10 848 288 904 336 -1 -1 -1 -1000 -1000 -1000 -10
NotCar -1 -1 -10 856 288 912 336 -1 -1 -1 -1000 -1000 -1000 -10
NotCar -1 -1 -10 864 288 920 336 -1 -1 -1 -1000 -1000 -1000 -10
NotCar -1 -1 -10 1147 27 1210 81 -1 -1 -1 -1000 -1000 -1000 -10
NotCar -1 -1 -10 1111 36 1174 90 -1 -1 -1 -1000 -1000 -1000 -10
NotCar -1 -1 -10 529 45 592 99 -1 -1 -1 -1000 -1000 -1000 -10
NotCar -1 -1 -10 887 45 950 99 -1 -1 -1 -1000 -1000 -1000 -10
NotCar -1 -1 -10 932 72 995 126 -1 -1 -1 -1000 -1000 -1000 -10
NotCar -1 -1 -10 735 108 798 162 -1 -1 -1 -1000 -1000 -1000 -10
NotCar -1 -1 -10 905 161 968 215 -1 -1 -1 -1000 -1000 -1000 -10
NotCar -1 -1 -10 645 170 708 224 -1 -1 -1 -1000 -1000 -1000 -10
NotCar -1 -1 -10 654 170 717 224 -1 -1 -1 -1000 -1000 -1000 -10
NotCar -1 -1 -10 645 179 708 233 -1 -1 -1 -1000 -1000 -1000 -10
NotCar -1 -1 -10 654 179 717 233 -1 -1 -1 -1000 -1000 -1000 -10
NotCar -1 -1 -10 663 179 726 233 -1 -1 -1 -1000 -1000 -1000 -10
NotCar -1 -1 -10 914 242 977 296 -1 -1 -1 -1000 -1000 -1000 -10
NotCar -1 -1 -10 81 251 144 305 -1 -1 -1 -1000 -1000 -1000 -10
NotCar -1 -1 -10 90 251 153 305 -1 -1 -1 -1000 -1000 -1000 -10
NotCar -1 -1 -10 851 251 914 305 -1 -1 -1 -1000 -1000 -1000 -10
NotCar -1 -1 -10 878 251 941 305 -1 -1 -1 -1000 -1000 -1000 -10
NotCar -1 -1 -10 905 251 968 305 -1 -1 -1 -1000 -1000 -1000 -10
NotCar -1 -1 -10 914 251 977 305 -1 -1 -1 -1000 -1000 -1000 -10
NotCar -1 -1 -10 878 260 941 314 -1 -1 -1 -1000 -1000 -1000 -10
NotCar -1 -1 -10 860 278 923 332 -1 -1 -1 -1000 -1000 -1000 -10
NotCar -1 -1 -10 869 278 932 332 -1 -1 -1 -1000 -1000 -1000 -10
NotCar -1 -1 -10 860 287 923 341 -1 -1 -1 -1000 -1000 -1000 -10
NotCar -1 -1 -10 582 20 652 80 -1 -1 -1 -1000 -1000 -1000 -10
NotCar -1 -1 -10 592 20 662 80 -1 -1 -1 -1000 -1000 -1000 -10
NotCar -1 -1 -10 582 30 652 90 -1 -1 -1 -1000 -1000 -1000 -10
NotCar -1 -1 -10 532 50 602 110 -1 -1 -1 -1000 -1000 -1000 -10
NotCar -1 -1 -10 943 70 1013 130 -1 -1 -1 -1000 -1000 -1000 -10
NotCar -1 -1 -10 612 120 682 180 -1 -1 -1 -1000 -1000 -1000 -10
NotCar -1 -1 -10 642 161 712 221 -1 -1 -1 -1000 -1000 -1000 -10
NotCar -1 -1 -10 652 161 722 221 -1 -1 -1 -1000 -1000 -1000 -10
NotCar -1 -1 -10 642 171 712 231 -1 -1 -1 -1000 -1000 -1000 -10
NotCar -1 -1 -10 652 171 722 231 -1 -1 -1 -1000 -1000 -1000 -10
NotCar -1 -1 -10 642 181 712 241 -1 -1 -1 -1000 -1000 -1000 -10
NotCar -1 -1 -10 652 181 722 241 -1 -1 -1 -1000 -1000 -1000 -10
NotCar -1 -1 -10 30 231 100 291 -1 -1 -1 -1000 -1000 -1000 -10
NotCar -1 -1 -10 823 261 893 321 -1 -1 -1 -1000 -1000 -1000 -10
NotCar -1 -1 -10 853 261 923 321 -1 -1 -1 -1000 -1000 -1000 -10
NotCar -1 -1 -10 873 261 943 321 -1 -1 -1 -1000 -1000 -1000 -10
NotCar -1 -1 -10 833 271 903 331 -1 -1 -1 -1000 -1000 -1000 -10
NotCar -1 -1 -10 843 271 913 331 -1 -1 -1 -1000 -1000 -1000 -10
NotCar -1 -1 -10 853 271 923 331 -1 -1 -1 -1000 -1000 -1000 -10
NotCar -1 -1 -10 863 271 933 331 -1 -1 -1 -1000 -1000 -1000 -10
NotCar -1 -1 -10 873 271 943 331 -1 -1 -1 -1000 -1000 -1000 -10
NotCar -1 -1 -10 853 281 923 341 -1 -1 -1 -1000 -1000 -1000 -10
NotCar -1 -1 -10 863 281 933 341 -1 -1 -1 -1000 -1000 -1000 -10
NotCar -1 -1 -10 863 291 933 351 -1 -1 -1 -1000 -1000 -1000 -10
NotCar -1 -1 -10 641 157 720 224 -1 -1 -1 -1000 -1000 -1000 -10
NotCar -1 -1 -10 888 157 967 224 -1 -1 -1 -1000 -1000 -1000 -10
NotCar -1 -1 -10 641 169 720 236 -1 -1 -1 -1000 -1000 -1000 -10
NotCar -1 -1 -10 652 169 731 236 -1 -1 -1 -1000 -1000 -1000 -10
NotCar -1 -1 -10 495 202 574 269 -1 -1 -1 -1000 -1000 -1000 -10
NotCar -1 -1 -10 79 236 158 303 -1 -1 -1 -1000 -1000 -1000 -10
NotCar -1 -1 -10 899 236 978 303 -1 -1 -1 -1000 -1000 -1000 -10
NotCar -1 -1 -10 79 247 158 314 -1 -1 -1 -1000 -1000 -1000 -10
NotCar -1 -1 -10 888 247 967 314 -1 -1 -1 -1000 -1000 -1000 -10
NotCar -1 -1 -10 899 247 978 314 -1 -1 -1 -1000 -1000 -1000 -10
NotCar -1 -1 -10 820 259 899 326 -1 -1 -1 -1000 -1000 -1000 -10
NotCar -1 -1 -10 843 259 922 326 -1 -1 -1 -1000 -1000 -1000 -10
NotCar -1 -1 -10 854 259 933 326 -1 -1 -1 -1000 -1000 -1000 -10
NotCar -1 -1 -10 865 259 944 326 -1 -1 -1 -1000 -1000 -1000 -10
NotCar -1 -1 -10 820 270 899 337 -1 -1 -1 -1000 -1000 -1000 -10
NotCar -1 -1 -10 832 270 911 337 -1 -1 -1 -1000 -1000 -1000 -10
NotCar -1 -1 -10 843 270 922 337 -1 -1 -1 -1000 -1000 -1000 -10
NotCar -1 -1 -10 854 270 933 337 -1 -1 -1 -1000 -1000 -1000 -10
NotCar -1 -1 -10 865 270 944 337 -1 -1 -1 -1000 -1000 -1000 -10
NotCar -1 -1 -10 303 281 382 348 -1 -1 -1 -1000 -1000 -1000 -10
NotCar -1 -1 -10 642 151 730 227 -1 -1 -1 -1000 -1000 -1000 -10
NotCar -1 -1 -10 642 164 730 240 -1 -1 -1 -1000 -1000 -1000 -10
NotCar -1 -1 -10 642 176 730 252 -1 -1 -1 -1000 -1000 -1000 -10
NotCar -1 -1 -10 491 201 579 277 -1 -1 -1 -1000 -1000 -1000 -10
NotCar -1 -1 -10 579 201 667 277 -1 -1 -1 -1000 -1000 -1000 -10
NotCar -1 -1 -10 592 201 680 277 -1 -1 -1 -1000 -1000 -1000 -10
NotCar -1 -1 -10 76 239 164 315 -1 -1 -1 -1000 -1000 -1000 -10
NotCar -1 -1 -10 894 239 982 315 -1 -1 -1 -1000 -1000 -1000 -10
NotCar -1 -1 -10 818 252 906 328 -1 -1 -1 -1000 -1000 -1000 -10
NotCar -1 -1 -10 831 252 919 328 -1 -1 -1 -1000 -1000 -1000 -10
NotCar -1 -1 -10 843 252 931 328 -1 -1 -1 -1000 -1000 -1000 -10
NotCar -1 -1 -10 856 252 944 328 -1 -1 -1 -1000 -1000 -1000 -10
NotCar -1 -1 -10 843 264 931 340 -1 -1 -1 -1000 -1000 -1000 -10
NotCar -1 -1 -10 856 264 944 340 -1 -1 -1 -1000 -1000 -1000 -10
NotCar -1 -1 -10 856 277 944 353 -1 -1 -1 -1000 -1000 -1000 -10
NotCar -1 -1 -10 832 141 931 226 -1 -1 -1 -1000 -1000 -1000 -10
NotCar -1 -1 -10 634 155 733 240 -1 -1 -1 -1000 -1000 -1000 -10
NotCar -1 -1 -10 832 155 931 240 -1 -1 -1 -1000 -1000 -1000 -10
NotCar -1 -1 -10 846 155 945 240 -1 -1 -1 -1000 -1000 -1000 -10
NotCar -1 -1 -10 860 155 959 240 -1 -1 -1 -1000 -1000 -1000 -10
NotCar -1 -1 -10 874 155 973 240 -1 -1 -1 -1000 -1000 -1000 -10
NotCar -1 -1 -10 578 197 677 282 -1 -1 -1 -1000 -1000 -1000 -10
NotCar -1 -1 -10 70 226 169 311 -1 -1 -1 -1000 -1000 -1000 -10
NotCar -1 -1 -10 592 240 691 325 -1 -1 -1 -1000 -1000 -1000 -10
NotCar -1 -1 -10 846 240 945 325 -1 -1 -1 -1000 -1000 -1000 -10
NotCar -1 -1 -10 860 240 959 325 -1 -1 -1 -1000 -1000 -1000 -10
NotCar -1 -1 -10 874 240 973 325 -1 -1 -1 -1000 -1000 -1000 -10
NotCar -1 -1 -10 818 254 917 339 -1 -1 -1 -1000 -1000 -1000 -10
NotCar -1 -1 -10 832 254 931 339 -1 -1 -1 -1000 -1000 -1000 -10
NotCar -1 -1 -10 846 254 945 339 -1 -1 -1 -1000 -1000 -1000 -10
NotCar -1 -1 -10 860 254 959 339 -1 -1 -1 -1000 -1000 -1000 -10
NotCar -1 -1 -10 846 268 945 353 -1 -1 -1 -1000 -1000 -1000 -10
NotCar -1 -1 -10 860 268 959 353 -1 -1 -1 -1000 -1000 -1000 -10
NotCar -1 -1 -10 553 16 664 111 -1 -1 -1 -1000 -1000 -1000 -10
NotCar -1 -1 -10 568 32 679 127 -1 -1 -1 -1000 -1000 -1000 -10
NotCar -1 -1 -10 853 47 964 142 -1 -1 -1 -1000 -1000 -1000 -10
NotCar -1 -1 -10 632 142 743 237 -1 -1 -1 -1000 -1000 -1000 -10
NotCar -1 -1 -10 474 189 585 284 -1 -1 -1 -1000 -1000 -1000 -10
NotCar -1 -1 -10 553 189 664 284 -1 -1 -1 -1000 -1000 -1000 -10
NotCar -1 -1 -10 805 237 916 332 -1 -1 -1 -1000 -1000 -1000 -10
NotCar -1 -1 -10 821 237 932 332 -1 -1 -1 -1000 -1000 -1000 -10
NotCar -1 -1 -10 837 237 948 332 -1 -1 -1 -1000 -1000 -1000 -10
NotCar -1 -1 -10 853 237 964 332 -1 -1 -1 -1000 -1000 -1000 -10
NotCar -1 -1 -10 868 237 979 332 -1 -1 -1 -1000 -1000 -1000 -10
NotCar -1 -1 -10 837 253 948 348 -1 -1 -1 -1000 -1000 -1000 -10
NotCar -1 -1 -10 853 253 964 348 -1 -1 -1 -1000 -1000 -1000 -10
NotCar -1 -1 -10 460 0 584 106 -1 -1 -1 -1000 -1000 -1000 -10
NotCar -1 -1 -10 867 35 991 141 -1 -1 -1 -1000 -1000 -1000 -10
NotCar -1 -1 -10 814 141 938 247 -1 -1 -1 -1000 -1000 -1000 -10
NotCar -1 -1 -10 831 141 955 247 -1 -1 -1 -1000 -1000 -1000 -10
NotCar -1 -1 -10 849 141 973 247 -1 -1 -1 -1000 -1000 -1000 -10
NotCar -1 -1 -10 867 141 991 247 -1 -1 -1 -1000 -1000 -1000 -10
NotCar -1 -1 -10 566 177 690 283 -1 -1 -1 -1000 -1000 -1000 -10
NotCar -1 -1 -10 584 177 708 283 -1 -1 -1 -1000 -1000 -1000 -10
NotCar -1 -1 -10 584 230 708 336 -1 -1 -1 -1000 -1000 -1000 -10
NotCar -1 -1 -10 814 230 938 336 -1 -1 -1 -1000 -1000 -1000 -10
NotCar -1 -1 -10 831 230 955 336 -1 -1 -1 -1000 -1000 -1000 -10
NotCar -1 -1 -10 849 230 973 336 -1 -1 -1 -1000 -1000 -1000 -10
NotCar -1 -1 -10 831 248 955 354 -1 -1 -1 -1000 -1000 -1000 -10
NotCar -1 -1 -10 849 248 973 354 -1 -1 -1 -1000 -1000 -1000 -10
NotCar -1 -1 -10 535 20 674 139 -1 -1 -1 -1000 -1000 -1000 -10
NotCar -1 -1 -10 872 20 1011 139 -1 -1 -1 -1000 -1000 -1000 -10
NotCar -1 -1 -10 535 40 674 159 -1 -1 -1 -1000 -1000 -1000 -10
NotCar -1 -1 -10 832 139 971 258 -1 -1 -1 -1000 -1000 -1000 -10
NotCar -1 -1 -10 852 139 991 258 -1 -1 -1 -1000 -1000 -1000 -10
NotCar -1 -1 -10 792 218 931 337 -1 -1 -1 -1000 -1000 -1000 -10
NotCar -1 -1 -10 812 218 951 337 -1 -1 -1 -1000 -1000 -1000 -10
NotCar -1 -1 -10 832 218 971 337 -1 -1 -1 -1000 -1000 -1000 -10
NotCar -1 -1 -10 832 238 971 357 -1 -1 -1 -1000 -1000 -1000 -10
NotCar -1 -1 -10 843 44 998 177 -1 -1 -1 -1000 -1000 -1000 -10
NotCar -1 -1 -10 865 44 1020 177 -1 -1 -1 -1000 -1000 -1000 -10
NotCar -1 -1 -10 865 67 1020 200 -1 -1 -1 -1000 -1000 -1000 -10
NotCar -1 -1 -10 821 133 976 266 -1 -1 -1 -1000 -1000 -1000 -10
NotCar -1 -1 -10 843 133 998 266 -1 -1 -1 -1000 -1000 -1000 -10
NotCar -1 -1 -10 510 177 665 310 -1 -1 -1 -1000 -1000 -1000 -10
NotCar -1 -1 -10 799 200 954 333 -1 -1 -1 -1000 -1000 -1000 -10
NotCar -1 -1 -10 522 25 696 174 -1 -1 -1 -1000 -1000 -1000 -10
NotCar -1 -1 -10 820 124 994 273 -1 -1 -1 -1000 -1000 -1000 -10
NotCar -1 -1 -10 820 149 994 298 -1 -1 -1 -1000 -1000 -1000 -10
NotCar -1 -1 -10 795 199 969 348 -1 -1 -1 -1000 -1000 -1000 -10
NotCar -1 -1 -10 807 0 1002 167 -1 -1 -1 -1000 -1000 -1000 -10
NotCar -1 -1 -10 835 0 1030 167 -1 -1 -1 -1000 -1000 -1000 -10
NotCar -1 -1 -10 807 28 1002 195 -1 -1 -1 -1000 -1000 -1000 -10
NotCar -1 -1 -10 835 28 1030 195 -1 -1 -1 -1000 -1000 -1000 -10
NotCar -1 -1 -10 807 56 1002 223 -1 -1 -1 -1000 -1000 -1000 -10
NotCar -1 -1 -10 807 111 1002 278 -1 -1 -1 -1000 -1000 -1000 -10
NotCar -1 -1 -10 501 167 696 334 -1 -1 -1 -1000 -1000 -1000 -10
NotCar -1 -1 -10 810 0 1028 187 -1 -1 -1 -1000 -1000 -1000 -10
NotCar -1 -1 -10 842 0 1060 187 -1 -1 -1 -1000 -1000 -1000 -10
NotCar -1 -1 -10 810 31 1028 218 -1 -1 -1 -1000 -1000 -1000 -10
NotCar -1 -1 -10 779 94 997 281 -1 -1 -1 -1000 -1000 -1000 -10
NotCar -1 -1 -10 810 94 1028 281 -1 -1 -1 -1000 -1000 -1000 -10